1
1 127
1 350
1 360
1 438
1 621
1 646
1 679
1 876
1 895
1 898
1 1272
1 1288
1 1366
1 1404
1 1812
1 1874
2 327
3 945
4 969
5 21
5 44
5 661
5 722
5 1277
5 1493
5 1823
6 327
7 1002
7 1051
8 755
8 859
9 250
9 585
10 265
10 312
10 585
10 661
10 859
10 1225
10 1397
10 1659
10 1717
10 1731
10 1853
11 238
11 885
12 755
12 848
12 969
12 1019
12 1129
13 865
13 969
13 1363
14 945
14 995
15 272
15 401
15 943
15 969
15 1126
15 1653
16 969
17 868
18 848
18 1019
18 1129
19 1453
20 945
21 265
21 319
21 322
21 385
21 1277
22 1401
22 1417
22 1425
22 1611
22 1627
22 1868
23 1120
24 356
24 801
24 891
24 913
24 1198
24 1723
25 804
25 947
26 403
26 1135
26 1409
27 804
27 947
28 167
28 865
28 1129
28 1615
29 1103
29 1892
30 442
30 535
30 777
30 907
30 988
30 1294
30 1881
31 327
32 289
33 862
33 865
33 1315
33 1366
33 1682
34 172
34 926
34 1322
35 456
36 804
36 947
36 969
36 1093
37 263
38 456
38 755
39 1584
40 456
40 1100
41 945
41 969
41 1171
42 227
42 257
42 328
42 337
42 385
42 491
42 516
42 697
42 936
42 972
42 1143
42 1157
42 1377
42 1381
42 1490
42 1717
42 1731
42 1840
42 1842
43 755
44 185
44 304
44 514
44 722
44 912
44 1054
44 1162
44 1277
44 1307
44 1423
44 1453
44 1470
44 1624
44 1628
44 1687
44 1767
44 1880
45 1171
45 1733
46 886
46 1120
47 755
48 119
48 199
48 231
48 271
48 535
48 755
48 1042
48 1129
48 1156
48 1209
48 1531
48 1696
48 1718
49 1454
49 1814
50 167
50 755
50 776
50 865
50 979
50 1613
50 1615
50 1653
51 231
51 272
51 283
51 327
51 456
51 614
51 646
51 765
51 845
51 997
51 1032
51 1055
51 1266
51 1359
51 1363
51 1458
51 1537
51 1606
51 1831
52 230
52 312
52 763
52 969
52 1606
53 1901
54 400
54 1836
55 969
56 409
56 571
56 969
56 1909
57 591
57 755
57 969
57 1171
57 1414
58 266
59 1759
60 576
61 1718
62 283
62 327
62 969
62 1129
63 263
64 755
64 803
64 1535
65 829
66 535
67 865
67 969
68 804
68 947
69 235
69 250
69 502
69 535
69 739
69 900
69 931
69 1409
69 1445
70 1054
70 1720
71 632
71 969
71 1541
72 168
72 196
72 247
72 445
72 457
72 1538
72 1610
72 1861
73 755
73 865
73 1019
73 1129
74 237
74 755
74 868
74 1019
74 1129
74 1697
75 995
76 327
76 469
76 655
76 696
76 705
76 819
76 1273
76 1465
76 1592
77 88
78 1454
78 1814
79 97
79 290
79 580
79 663
79 763
79 1080
79 1699
79 1815
80 271
80 469
80 576
80 950
80 969
80 1158
80 1631
81 1044
81 1191
82 755
82 865
82 1019
82 1129
82 1311
83 487
84 945
84 1171
85 1476
86 755
87 744
87 1430
87 1435
88 297
88 818
88 1759
89 755
89 1019
90 327
91 969
92 945
92 969
92 1414
93 1100
93 1120
94 755
94 865
94 1019
94 1129
94 1311
95 988
96 263
97 594
98 1120
99 1366
100 263
101 755
102 456
103 886
103 1046
103 1100
103 1120
103 1726
104 1272
104 1414
104 1812
105 535
105 900
105 982
105 1418
105 1831
105 1884
106 1121
106 1624
107 755
107 865
107 945
107 1019
107 1129
108 267
108 327
108 340
108 531
108 804
108 945
108 947
108 969
108 1093
108 1171
108 1235
108 1640
108 1718
109 154
109 205
109 565
109 636
109 848
109 916
109 1029
109 1091
109 1161
109 1177
110 1249
110 1412
110 1884
111 297
111 543
111 611
111 843
111 1338
112 116
112 399
112 722
112 823
112 1166
112 1241
112 1244
112 1395
112 1510
112 1687
112 1700
113 862
114 386
114 703
114 714
114 727
114 801
114 817
114 826
114 919
114 989
114 1312
114 1669
115 127
116 399
116 823
116 969
116 1244
116 1510
116 1700
117 479
117 933
117 962
117 1222
118 995
119 271
119 1759
120 164
120 852
120 1147
120 1251
121 167
121 585
121 755
121 1019
121 1129
121 1615
122 263
123 963
123 1554
123 1886
124 865
124 1863
125 158
125 182
125 297
125 473
125 649
125 684
125 702
125 711
125 1010
125 1077
125 1103
125 1104
125 1120
125 1229
125 1765
125 1889
125 1892
126 1347
126 1576
126 1759
127 180
127 222
127 244
127 251
127 369
127 370
127 895
127 1000
127 1001
127 1024
127 1037
127 1236
127 1272
127 1326
127 1366
127 1414
127 1566
127 1780
127 1812
128 1760
129 1393
130 1905
131 327
131 783
131 1162
131 1166
131 1753
132 327
133 755
133 945
133 1414
134 265
134 1554
134 1875
135 1088
135 1866
136 237
136 1697
137 407
137 803
137 1285
137 1884
138 755
139 515
139 759
140 591
140 755
140 969
140 1019
141 701
141 945
141 1171
142 859
142 865
142 868
142 995
142 1409
142 1697
143 865
143 945
143 1171
144 327
144 1019
144 1129
145 1204
145 1266
146 327
146 585
146 1171
147 327
148 755
149 456
150 376
150 1591
150 1826
150 1886
151 755
152 945
153 969
154 205
154 579
154 1091
154 1118
154 1129
154 1495
154 1651
154 1752
154 1880
155 661
155 789
155 795
155 995
155 1155
155 1173
155 1401
155 1417
155 1425
155 1627
155 1659
155 1684
155 1868
156 1272
156 1366
156 1414
156 1812
157 755
157 945
157 1019
157 1129
157 1311
158 182
158 297
158 473
158 969
158 1010
158 1120
158 1889
159 1266
159 1628
160 263
161 235
161 250
161 982
162 666
162 969
162 1156
163 475
163 1054
163 1082
163 1182
163 1470
165 327
165 755
166 327
166 995
167 210
167 283
167 456
167 628
167 1615
167 1649
167 1653
168 299
168 322
168 457
168 489
168 513
168 694
168 792
168 902
168 1073
168 1200
168 1263
168 1455
168 1538
168 1610
168 1709
168 1779
169 755
169 943
169 1088
169 1163
169 1347
169 1599
170 1414
171 1141
171 1284
172 180
172 205
172 369
172 370
172 563
172 717
172 895
172 926
172 1272
172 1414
172 1812
173 175
173 237
173 755
173 950
173 1116
173 1129
173 1171
173 1292
173 1389
173 1697
174 755
175 367
175 880
175 894
175 1334
175 1702
176 220
176 1212
177 969
178 1117
179 469
179 969
179 1172
180 198
180 222
180 244
180 303
180 350
180 369
180 370
180 397
180 402
180 438
180 481
180 621
180 646
180 791
180 876
180 883
180 895
180 898
180 1025
180 1037
180 1149
180 1281
180 1288
180 1305
180 1315
180 1322
180 1366
180 1404
180 1559
180 1566
180 1590
180 1605
180 1768
180 1812
180 1838
180 1855
180 1874
181 419
181 1093
181 1653
182 297
182 473
182 1010
182 1077
182 1103
182 1120
182 1229
182 1889
182 1892
183 1249
183 1409
184 283
185 514
185 578
185 585
185 1036
185 1082
185 1116
185 1453
185 1531
185 1689
185 1696
185 1810
185 1867
185 1880
186 802
187 1441
188 661
188 722
188 1337
188 1645
188 1687
188 1819
188 1832
189 1858
190 868
191 231
191 352
191 614
191 1293
191 1370
192 865
192 995
193 755
193 865
193 969
193 1019
193 1129
193 1311
194 267
194 585
194 755
194 776
194 804
194 871
194 947
194 966
194 1055
194 1085
194 1093
194 1223
194 1613
194 1615
194 1640
194 1653
195 755
196 271
196 299
196 322
196 457
196 489
196 694
196 792
196 902
196 931
196 1073
196 1081
196 1200
196 1244
196 1263
196 1455
196 1538
196 1550
196 1610
196 1628
196 1709
196 1779
196 1880
197 586
197 866
198 895
198 1272
198 1315
198 1366
198 1414
198 1682
198 1812
199 419
199 1550
200 964
200 1082
201 469
201 1419
201 1620
202 327
202 581
202 1726
203 271
203 327
203 535
204 755
204 1019
204 1129
205 755
205 1177
205 1495
206 1364
207 945
207 1054
207 1182
207 1470
208 755
209 1272
209 1414
209 1812
210 1615
211 1272
211 1682
211 1812
212 472
212 1609
212 1843
213 1329
214 865
215 327
216 266
217 969
217 1171
218 1019
218 1129
219 407
219 505
219 614
219 745
219 755
219 931
219 1249
219 1409
219 1652
219 1884
220 683
220 845
220 1293
221 579
221 832
221 1844
221 1880
222 369
222 895
222 1272
222 1315
222 1366
222 1414
222 1812
223 969
224 865
224 995
225 945
225 969
225 1171
226 585
227 263
227 1717
228 1185
229 582
229 954
229 1545
230 1699
230 1895
231 272
231 283
231 581
231 614
231 997
231 1042
231 1293
231 1537
232 1019
233 969
234 755
235 535
235 739
235 748
235 931
236 263
237 271
237 321
237 440
237 552
237 583
237 591
237 711
237 905
237 927
237 969
237 975
237 999
237 1131
237 1208
237 1213
237 1287
237 1433
237 1447
237 1453
237 1491
237 1587
237 1745
237 1811
238 885
239 1842
240 854
241 1272
241 1414
242 755
242 945
242 1171
243 969
243 1880
244 895
244 1315
244 1414
244 1812
245 969
246 263
247 313
247 322
247 445
247 457
247 902
247 1073
247 1126
247 1235
247 1285
247 1538
247 1610
247 1709
247 1779
248 755
248 865
248 1019
248 1129
248 1311
248 1521
249 581
249 1599
249 1696
249 1735
250 503
250 594
250 608
250 766
250 931
250 1019
250 1053
250 1129
250 1137
250 1212
250 1421
250 1452
252 755
253 1493
253 1701
254 281
254 294
254 433
254 474
254 763
254 907
254 991
254 1119
254 1303
254 1440
254 1509
254 1556
254 1699
254 1803
254 1812
254 1834
255 947
255 1653
256 358
256 969
256 1007
256 1802
257 328
257 1081
257 1244
257 1377
257 1465
257 1731
258 367
258 1599
259 1129
260 274
260 615
261 1108
261 1650
262 409
262 524
263 306
263 316
263 320
263 323
263 334
263 394
263 426
263 446
263 480
263 534
263 554
263 563
263 587
263 599
263 602
263 648
263 680
263 688
263 757
263 773
263 781
263 784
263 877
263 896
263 932
263 935
263 939
263 941
263 954
263 1068
263 1111
263 1134
263 1142
263 1145
263 1154
263 1165
263 1167
263 1177
263 1201
263 1226
263 1228
263 1237
263 1270
263 1304
263 1319
263 1332
263 1346
263 1353
263 1382
263 1406
263 1436
263 1448
263 1455
263 1518
263 1527
263 1551
263 1552
263 1567
263 1622
263 1633
263 1650
263 1672
263 1678
263 1706
263 1715
263 1751
263 1761
263 1762
263 1800
263 1817
263 1829
263 1864
263 1879
264 530
264 955
264 969
264 986
264 1171
264 1843
265 661
265 795
265 859
265 1659
265 1826
266 549
266 755
267 283
267 340
267 462
267 531
267 804
267 947
267 1372
267 1613
267 1640
267 1718
268 945
268 950
268 969
268 1171
269 950
270 1414
271 313
271 327
271 406
271 483
271 514
271 576
271 594
271 656
271 822
271 823
271 912
271 931
271 969
271 982
271 1007
271 1081
271 1086
271 1163
271 1244
271 1465
271 1550
271 1570
271 1628
271 1689
271 1696
271 1726
271 1891
271 1899
272 283
272 368
272 463
272 614
272 943
272 997
272 1088
272 1370
272 1831
273 572
273 649
273 837
273 968
273 1860
275 736
276 969
276 1019
276 1129
277 1166
278 945
279 961
279 1253
279 1460
279 1651
279 1902
280 325
280 603
280 1769
281 763
281 1119
281 1699
282 1831
283 327
283 396
283 453
283 488
283 519
283 542
283 581
283 585
283 614
283 639
283 677
283 762
283 788
283 845
283 882
283 997
283 1062
283 1098
283 1293
283 1299
283 1416
283 1499
283 1509
283 1639
283 1681
283 1831
284 1718
285 298
286 736
286 1061
286 1521
287 1272
287 1414
287 1812
288 327
288 755
288 969
288 1171
289 1000
289 1217
290 580
290 663
290 763
290 950
290 1080
290 1119
290 1285
290 1464
290 1606
290 1692
290 1699
290 1882
290 1911
291 755
291 865
291 1019
291 1129
292 550
292 1231
292 1367
293 945
294 383
294 474
294 763
294 907
294 1119
294 1303
294 1699
294 1803
294 1834
295 668
296 969
296 1425
296 1820
296 1868
297 473
297 656
297 662
297 702
297 730
297 969
297 990
297 1010
297 1046
297 1077
297 1103
297 1120
297 1229
297 1397
297 1524
297 1561
297 1765
297 1783
297 1889
297 1892
299 445
299 1538
299 1610
299 1861
300 755
301 1718
302 969
303 369
303 895
303 1272
303 1414
303 1812
304 585
304 1880
305 1166
307 1876
308 1272
308 1414
308 1812
309 500
309 893
309 1203
309 1274
310 514
310 1450
310 1859
311 827
311 1692
311 1736
312 662
312 795
312 1232
312 1311
312 1384
312 1659
312 1859
313 445
313 1538
313 1610
314 1591
315 969
317 1166
318 1419
318 1620
321 755
321 865
321 1019
321 1116
321 1129
321 1311
321 1697
322 1861
324 363
324 969
325 330
325 1429
325 1769
326 969
327 343
327 344
327 354
327 355
327 362
327 381
327 383
327 390
327 412
327 434
327 447
327 456
327 458
327 482
327 488
327 497
327 532
327 557
327 566
327 574
327 576
327 581
327 585
327 596
327 614
327 626
327 634
327 637
327 655
327 672
327 689
327 693
327 696
327 725
327 743
327 819
327 822
327 825
327 830
327 836
327 845
327 869
327 882
327 887
327 890
327 910
327 931
327 955
327 964
327 987
327 1008
327 1027
327 1052
327 1058
327 1067
327 1071
327 1098
327 1102
327 1105
327 1122
327 1123
327 1128
327 1130
327 1135
327 1163
327 1166
327 1187
327 1196
327 1261
327 1275
327 1293
327 1360
327 1379
327 1388
327 1394
327 1408
327 1421
327 1449
327 1478
327 1489
327 1491
327 1502
327 1504
327 1513
327 1520
327 1522
327 1563
327 1570
327 1592
327 1595
327 1647
327 1653
327 1689
327 1693
327 1725
327 1735
327 1744
327 1753
327 1777
327 1785
327 1788
327 1792
327 1809
327 1810
327 1821
327 1839
327 1872
327 1873
327 1881
327 1883
327 1889
327 1899
327 1910
328 1081
328 1244
328 1377
328 1731
329 755
330 838
330 1087
330 1429
331 969
332 945
333 969
335 736
336 804
336 1093
337 1377
337 1386
338 865
338 1019
338 1129
339 1272
339 1414
339 1812
340 531
340 538
340 804
340 815
340 947
340 1640
340 1718
341 947
341 1085
342 755
343 969
344 969
344 1636
344 1873
345 733
345 1129
345 1521
346 412
346 1038
346 1409
347 1019
347 1129
348 1495
349 1272
349 1414
349 1812
350 369
350 895
350 1272
350 1315
350 1366
350 1414
350 1682
350 1812
351 886
352 367
352 845
353 865
355 865
356 891
357 432
357 945
357 969
357 1048
357 1189
358 969
359 1292
360 369
360 895
360 1272
360 1366
360 1414
360 1812
361 804
361 947
361 1085
364 1454
364 1814
365 616
365 1100
365 1718
366 969
367 368
367 917
367 1204
367 1266
367 1478
367 1545
368 1628
368 1688
369 370
369 402
369 438
369 646
369 679
369 876
369 895
369 898
369 1037
369 1041
369 1272
369 1288
369 1305
369 1315
369 1322
369 1366
369 1404
369 1414
369 1559
369 1566
369 1590
369 1605
369 1812
369 1855
369 1874
370 895
370 1272
370 1315
370 1366
370 1414
370 1812
371 469
371 661
371 807
371 969
371 971
371 1718
371 1904
372 969
372 1171
373 862
373 950
374 871
374 969
374 1171
375 1121
375 1624
375 1772
376 454
376 477
376 669
376 977
376 1298
376 1340
376 1420
376 1437
376 1438
376 1585
376 1770
376 1886
377 865
377 969
377 1129
377 1311
378 1377
379 1272
379 1366
379 1812
380 865
381 398
381 445
381 512
381 1080
381 1166
381 1285
381 1570
382 945
383 907
383 1119
384 969
385 1377
385 1819
386 719
386 817
386 934
386 969
386 989
386 1297
386 1328
386 1669
387 523
387 814
387 1677
388 802
389 945
389 1409
390 969
390 1171
390 1718
391 886
391 1003
391 1046
391 1120
392 1080
393 456
393 755
393 945
393 1171
393 1718
395 755
395 1019
395 1129
396 865
396 995
396 1409
397 895
398 445
398 512
398 1166
398 1285
398 1570
399 722
399 823
399 1244
399 1510
399 1700
400 432
400 522
400 1189
400 1826
400 1879
401 661
401 794
401 969
401 1126
401 1235
401 1513
401 1663
401 1677
401 1759
401 1871
402 895
402 1272
402 1366
402 1414
402 1812
403 530
403 943
403 1364
403 1409
403 1675
404 969
405 956
405 1033
406 1043
407 505
407 745
407 803
407 900
407 1224
407 1285
407 1884
408 865
408 945
408 1019
408 1129
408 1171
409 524
409 642
409 938
409 950
409 1056
410 969
411 801
411 969
411 1419
411 1620
412 1409
413 437
413 813
413 908
413 1056
413 1114
413 1140
413 1374
413 1479
414 969
415 755
415 1171
416 969
417 969
418 1099
419 499
419 902
419 969
419 1047
419 1081
419 1082
419 1126
419 1185
419 1244
419 1296
419 1386
419 1583
419 1908
420 865
421 764
421 1531
422 1129
422 1718
423 945
423 1377
424 632
424 1081
424 1541
425 1032
427 1082
428 969
429 969
430 596
430 755
430 943
430 986
430 1084
431 722
431 1162
431 1307
432 661
432 945
432 969
432 1189
432 1530
432 1570
433 474
433 763
433 907
433 1119
433 1699
435 1272
435 1812
436 950
437 813
437 908
437 1056
437 1140
437 1374
437 1479
438 895
438 1272
438 1315
438 1366
438 1414
438 1812
439 1752
440 848
440 865
440 1019
440 1116
440 1129
440 1311
440 1521
440 1697
441 1609
442 907
442 988
443 969
444 832
444 1139
444 1289
445 457
445 489
445 512
445 694
445 902
445 1073
445 1166
445 1200
445 1285
445 1538
445 1570
445 1610
445 1709
445 1779
448 969
448 1082
449 950
449 1256
449 1532
450 755
451 585
451 1689
451 1810
452 681
453 456
453 945
453 1171
455 755
456 542
456 585
456 628
456 677
456 788
456 845
456 871
456 882
456 898
456 1024
456 1218
456 1299
456 1416
456 1523
456 1681
456 1810
457 1538
457 1610
457 1861
458 931
458 1137
458 1854
459 969
459 1171
459 1414
460 755
460 1409
461 782
462 585
462 755
462 1223
462 1235
463 1733
464 995
465 969
466 1377
467 862
467 1366
468 671
468 940
468 1453
469 471
469 572
469 592
469 627
469 642
469 1343
469 1752
469 1860
470 865
470 995
470 1019
470 1129
471 837
471 1450
471 1860
472 1538
473 702
473 1010
473 1077
473 1103
473 1229
473 1512
473 1515
473 1765
473 1889
473 1892
474 763
474 907
474 1080
474 1119
474 1699
476 1462
477 1886
478 522
478 1082
479 556
479 933
479 962
479 1057
479 1132
479 1222
479 1255
479 1484
479 1573
481 895
481 1272
481 1315
481 1366
481 1414
481 1682
481 1812
482 865
482 995
483 616
483 800
483 1299
484 755
484 848
484 865
484 1019
484 1129
484 1411
484 1521
485 865
486 1272
486 1366
486 1414
486 1812
487 518
487 632
487 755
487 945
487 965
487 1036
487 1283
487 1480
487 1514
489 1538
489 1610
489 1779
489 1861
490 755
492 964
493 755
493 1721
494 804
494 947
494 1640
495 581
495 1735
495 1828
496 868
497 865
497 995
498 969
501 960
501 1082
501 1244
502 739
502 931
502 1212
502 1409
502 1452
503 931
503 1137
503 1831
504 1167
505 745
505 803
505 1224
505 1884
506 1730
507 755
507 848
507 865
507 1019
507 1129
507 1521
508 1112
509 1146
510 969
511 1366
512 585
512 1080
512 1166
512 1285
512 1570
514 642
514 675
514 873
514 948
514 1409
514 1681
514 1880
515 522
515 661
515 759
515 844
515 1572
516 1377
517 1734
519 755
520 1272
520 1414
520 1812
521 755
523 814
523 1677
524 824
524 908
524 938
525 1171
526 969
527 755
527 1019
527 1129
527 1521
528 995
529 804
529 945
529 947
529 969
529 1093
529 1123
529 1235
529 1613
529 1640
530 594
530 943
530 986
530 1129
531 755
531 804
531 947
531 1093
531 1123
531 1640
531 1718
532 1221
532 1409
533 1684
535 581
535 699
535 857
535 982
535 1166
535 1200
535 1445
535 1805
535 1818
535 1826
536 969
537 1682
538 804
538 947
538 1059
538 1188
538 1640
539 1166
540 862
540 1272
540 1315
540 1366
540 1414
540 1682
540 1812
541 755
541 865
541 1019
541 1129
541 1311
543 649
543 843
543 905
543 1377
544 1752
545 1227
545 1796
546 865
546 1129
546 1311
547 1002
548 1061
549 1002
550 1021
550 1543
551 1166
552 868
552 1697
553 755
555 1662
556 933
556 1057
556 1132
556 1255
556 1484
556 1573
557 755
558 755
559 945
560 1129
561 865
561 1019
561 1129
562 755
562 865
562 1311
562 1521
563 679
563 732
563 848
563 879
563 971
563 1011
563 1037
563 1116
563 1137
563 1272
563 1812
564 854
565 1177
565 1495
567 666
567 886
567 969
567 1171
567 1848
568 1495
569 947
569 1653
570 1019
570 1158
570 1825
571 872
571 969
571 1007
571 1418
571 1450
571 1694
571 1909
572 837
572 839
572 968
572 1752
572 1860
573 661
574 708
574 969
574 1088
574 1702
574 1719
574 1732
575 1100
575 1120
576 729
576 755
576 1539
576 1702
576 1732
577 719
577 934
577 969
577 1155
577 1173
577 1297
577 1328
577 1684
579 1418
579 1701
579 1901
580 663
580 1080
580 1699
581 845
581 1293
581 1726
581 1735
582 608
582 636
582 798
582 1005
582 1104
582 1214
582 1232
582 1368
582 1617
584 871
584 969
585 594
585 608
585 755
585 815
585 816
585 845
585 867
585 931
585 1019
585 1053
585 1093
585 1129
585 1185
585 1209
585 1266
585 1267
585 1299
585 1313
585 1367
585 1421
585 1476
585 1544
585 1578
585 1613
585 1649
585 1653
585 1659
585 1689
585 1718
585 1760
585 1810
585 1868
588 1719
588 1866
589 1696
589 1759
590 959
590 969
590 1307
591 616
591 682
591 867
591 951
591 1184
591 1225
591 1336
591 1381
591 1396
592 755
592 1088
593 664
593 1901
595 945
596 964
596 986
596 1084
596 1114
596 1453
596 1592
596 1689
596 1696
596 1701
596 1819
596 1844
596 1880
597 755
598 1171
599 945
600 969
601 1866
602 649
604 969
605 865
605 1019
605 1116
605 1129
605 1697
606 1367
606 1468
606 1536
607 1019
607 1129
609 868
610 945
610 1171
611 656
611 662
611 865
612 1125
613 1021
614 755
614 997
614 1032
614 1293
614 1370
616 651
616 687
616 697
616 1092
616 1136
616 1143
616 1225
616 1381
616 1717
617 755
617 865
617 1019
617 1129
618 1409
619 755
620 969
620 1564
621 862
621 895
621 1272
621 1315
621 1366
621 1414
621 1682
621 1812
622 1272
622 1414
622 1682
622 1812
623 838
624 865
624 995
625 969
625 1419
625 1460
625 1651
628 1129
628 1615
629 1682
630 755
630 969
630 1718
631 964
631 1082
631 1637
632 969
632 1541
632 1561
633 1272
633 1366
633 1414
633 1812
635 755
635 969
636 1177
636 1495
636 1759
637 755
637 945
637 969
637 1129
637 1171
638 865
639 755
639 1129
639 1171
640 1364
641 755
642 824
642 969
642 1054
642 1231
642 1367
642 1426
642 1720
643 865
643 1129
644 969
645 1454
645 1814
646 755
646 895
646 969
646 1272
646 1315
646 1366
646 1414
646 1812
647 1171
647 1414
648 1035
649 683
649 755
649 765
649 837
649 1019
649 1055
649 1129
649 1227
649 1598
649 1639
649 1860
650 1329
650 1381
650 1490
651 755
651 871
651 969
651 1019
651 1171
651 1718
652 755
653 755
653 1272
653 1414
653 1812
654 945
654 1171
655 696
655 723
655 819
655 1592
656 662
656 1644
656 1888
657 1314
658 1272
658 1366
658 1414
658 1812
659 1366
660 945
660 969
660 1171
661 794
661 795
661 807
661 1092
661 1155
661 1173
661 1244
661 1248
661 1277
661 1401
661 1425
661 1426
661 1641
661 1663
661 1684
661 1782
661 1820
661 1823
662 1338
662 1561
662 1644
662 1888
663 1080
663 1699
665 945
666 841
666 1156
666 1865
667 865
667 1019
667 1129
667 1311
668 889
669 1886
670 865
670 1129
670 1311
671 940
671 1453
673 865
673 1591
673 1746
673 1826
674 1182
674 1470
675 873
675 1422
675 1681
676 755
676 868
677 755
677 865
677 995
677 1019
677 1129
678 839
678 969
679 895
679 1272
679 1366
679 1414
679 1812
683 1212
685 1344
686 995
687 969
687 1019
687 1718
690 995
691 1366
692 969
692 1129
692 1171
692 1718
694 1073
694 1538
694 1610
694 1861
695 848
695 1019
695 1129
696 1592
697 1143
697 1381
697 1490
698 755
700 1129
700 1718
701 865
701 945
701 1171
701 1409
701 1698
702 1003
702 1010
703 719
703 765
703 817
703 934
703 969
703 989
703 1297
703 1328
703 1669
704 969
705 1454
705 1814
706 969
707 755
707 945
707 969
707 1171
707 1718
708 724
708 810
708 890
708 1088
708 1204
708 1523
709 969
709 1171
710 848
710 969
711 755
711 848
711 868
711 874
711 945
711 1010
711 1019
711 1100
711 1129
711 1146
711 1311
711 1521
711 1576
711 1697
712 1329
712 1731
713 804
713 947
713 1059
714 719
714 817
714 934
714 969
714 989
714 1297
714 1328
714 1669
715 1121
715 1624
716 755
716 848
716 865
716 1019
716 1129
716 1311
717 1272
717 1414
717 1812
718 755
718 865
718 995
718 1129
719 727
719 735
719 919
719 934
719 969
719 1297
719 1312
719 1328
719 1501
720 722
720 929
720 1241
720 1377
720 1407
720 1548
720 1687
720 1739
721 1171
722 823
722 911
722 912
722 960
722 1014
722 1162
722 1172
722 1241
722 1277
722 1307
722 1407
722 1510
722 1548
722 1687
722 1767
722 1853
724 828
724 1409
726 969
727 817
727 934
727 969
727 989
727 1297
727 1328
727 1669
728 1019
728 1129
729 894
730 1103
730 1889
730 1892
731 755
732 848
734 945
735 934
735 969
735 1297
735 1328
736 755
736 776
736 875
736 969
736 1061
736 1400
736 1718
737 1367
738 1272
738 1366
738 1414
738 1812
739 748
739 931
739 1409
739 1452
740 969
741 755
741 848
741 1019
741 1129
742 1129
744 1374
744 1430
744 1472
744 1480
745 803
745 1224
745 1884
746 865
746 1019
746 1129
746 1311
746 1521
747 945
747 969
747 1171
747 1414
748 931
748 1370
749 945
750 969
751 1791
752 969
753 765
753 839
753 969
754 1019
755 760
755 762
755 780
755 798
755 799
755 821
755 833
755 840
755 848
755 849
755 861
755 863
755 867
755 873
755 879
755 881
755 901
755 903
755 905
755 906
755 924
755 925
755 927
755 928
755 943
755 946
755 955
755 974
755 979
755 981
755 986
755 993
755 994
755 996
755 998
755 1006
755 1018
755 1031
755 1034
755 1050
755 1062
755 1064
755 1072
755 1088
755 1095
755 1097
755 1102
755 1104
755 1105
755 1116
755 1123
755 1127
755 1148
755 1160
755 1169
755 1170
755 1187
755 1192
755 1216
755 1230
755 1254
755 1257
755 1258
755 1262
755 1269
755 1283
755 1293
755 1299
755 1301
755 1302
755 1308
755 1309
755 1310
755 1321
755 1323
755 1332
755 1342
755 1351
755 1368
755 1410
755 1424
755 1442
755 1443
755 1451
755 1481
755 1497
755 1502
755 1503
755 1514
755 1516
755 1528
755 1535
755 1539
755 1540
755 1544
755 1575
755 1578
755 1587
755 1588
755 1607
755 1608
755 1613
755 1618
755 1623
755 1628
755 1638
755 1648
755 1654
755 1660
755 1661
755 1666
755 1668
755 1670
755 1681
755 1686
755 1695
755 1703
755 1708
755 1711
755 1737
755 1759
755 1764
755 1776
755 1777
755 1784
755 1789
755 1798
755 1807
755 1810
755 1847
755 1851
755 1885
756 1146
758 800
761 1364
762 871
762 1718
763 907
763 991
763 1119
763 1285
763 1303
763 1440
763 1509
763 1556
763 1606
763 1692
763 1699
763 1803
763 1812
763 1834
764 1023
764 1520
764 1531
764 1738
765 1055
765 1356
765 1363
765 1813
766 986
767 1019
767 1129
768 868
769 1418
769 1816
770 1120
771 837
771 1752
771 1860
772 865
772 1019
772 1129
774 1569
775 1144
775 1822
776 986
776 1204
776 1615
777 907
777 988
778 969
778 1460
778 1651
779 904
780 865
780 1019
780 1129
780 1311
782 1019
782 1129
783 1166
785 1409
786 969
787 1759
788 871
788 969
789 795
789 1092
790 1295
791 1022
791 1131
791 1315
792 1538
792 1861
793 945
794 1172
794 1418
795 859
795 995
795 1092
795 1155
795 1173
795 1225
795 1260
795 1425
795 1426
795 1627
795 1659
795 1684
795 1826
795 1868
796 945
797 1272
797 1414
801 817
801 839
801 891
801 969
801 989
801 1010
801 1207
801 1419
801 1512
801 1515
801 1620
801 1669
802 916
802 1495
803 1285
803 1884
804 815
804 864
804 947
804 969
804 1059
804 1074
804 1085
804 1093
804 1106
804 1123
804 1183
804 1188
804 1208
804 1223
804 1235
804 1372
804 1461
804 1613
804 1642
804 1653
804 1717
804 1869
805 831
805 1195
806 865
806 1019
806 1129
806 1311
807 969
807 971
807 1718
807 1904
808 945
808 950
808 1368
809 865
809 1019
810 828
811 969
812 1076
813 974
813 983
813 1056
813 1140
813 1178
813 1374
813 1479
813 1785
814 1677
815 945
815 947
815 950
815 969
815 1059
815 1123
815 1640
816 1810
817 826
817 919
817 989
817 1312
817 1669
819 1273
820 969
821 848
821 865
821 1019
821 1129
821 1311
822 836
822 872
822 1450
823 1244
823 1395
823 1510
823 1700
824 862
824 969
824 1367
824 1720
825 955
825 1204
825 1702
825 1725
826 969
826 989
826 1669
827 1692
827 1736
828 890
828 1523
829 1301
830 1129
831 1468
832 1367
833 865
833 1311
834 969
835 945
835 1414
836 872
836 1007
836 1450
836 1836
837 899
837 968
837 969
837 1776
837 1860
838 1429
840 1129
840 1718
841 1156
842 1756
843 1377
844 1146
844 1572
845 871
845 1171
845 1276
845 1452
845 1850
846 865
846 1019
846 1311
847 1409
847 1565
847 1584
848 903
848 1018
848 1019
848 1095
848 1107
848 1129
848 1179
848 1214
848 1308
848 1463
848 1495
848 1578
848 1786
848 1885
849 1019
850 862
851 969
852 1147
853 969
854 1696
855 1835
856 1196
857 969
858 1016
858 1129
859 980
859 1225
859 1401
859 1618
859 1659
859 1695
859 1717
859 1868
860 945
861 1171
862 992
862 1030
862 1152
862 1418
862 1494
862 1581
862 1604
863 865
863 1019
863 1129
864 947
865 870
865 879
865 882
865 897
865 903
865 910
865 922
865 923
865 925
865 973
865 976
865 980
865 993
865 994
865 995
865 1018
865 1034
865 1049
865 1063
865 1067
865 1069
865 1072
865 1076
865 1095
865 1107
865 1116
865 1133
865 1148
865 1164
865 1174
865 1179
865 1190
865 1192
865 1216
865 1220
865 1230
865 1238
865 1268
865 1300
865 1308
865 1311
865 1333
865 1342
865 1344
865 1368
865 1399
865 1416
865 1424
865 1457
865 1499
865 1536
865 1544
865 1553
865 1587
865 1589
865 1596
865 1601
865 1648
865 1649
865 1670
865 1673
865 1686
865 1693
865 1704
865 1711
865 1724
865 1744
865 1749
865 1763
865 1774
865 1785
865 1788
865 1790
865 1794
865 1841
865 1847
865 1863
865 1893
865 1894
867 1019
867 1100
867 1129
867 1146
867 1521
867 1615
868 905
868 927
868 999
868 1208
868 1213
868 1227
868 1287
868 1433
868 1447
868 1453
868 1630
868 1632
868 1697
868 1745
870 871
870 1414
871 999
871 1008
871 1062
871 1124
871 1299
871 1379
871 1457
871 1509
871 1583
871 1615
871 1657
871 1710
871 1781
872 1007
873 969
873 971
873 1311
873 1384
873 1532
873 1859
874 1125
874 1347
874 1576
876 895
876 1272
876 1366
876 1414
876 1812
877 945
877 1171
877 1414
878 995
879 995
879 1011
880 1204
880 1402
880 1545
880 1661
883 1315
883 1727
884 1505
886 1003
886 1046
886 1100
886 1120
886 1432
886 1483
886 1848
888 1315
890 1224
891 913
891 1198
891 1723
892 969
893 969
894 1371
894 1513
894 1631
895 898
895 1025
895 1037
895 1272
895 1281
895 1288
895 1305
895 1322
895 1366
895 1404
895 1414
895 1559
895 1566
895 1590
895 1605
895 1812
895 1855
895 1874
897 1019
897 1129
898 945
898 1171
898 1272
898 1414
898 1842
899 1460
899 1651
899 1718
899 1860
900 931
901 1019
901 1129
901 1521
902 1200
902 1285
902 1538
902 1861
903 1016
903 1019
903 1129
903 1311
904 963
904 1209
905 1311
905 1521
905 1564
905 1697
907 988
907 1119
907 1294
907 1303
907 1699
907 1803
907 1834
907 1881
908 1056
908 1140
908 1374
908 1479
909 1045
909 1409
909 1584
909 1597
910 995
911 969
911 1186
911 1832
912 1423
914 1100
914 1888
915 1441
916 1185
916 1495
916 1760
918 1196
918 1759
919 934
919 969
919 989
919 1297
919 1328
919 1669
920 969
920 1460
920 1651
921 945
921 1171
921 1414
924 1718
925 1016
925 1019
925 1129
925 1311
925 1564
927 1019
927 1129
927 1311
927 1697
928 969
928 1209
929 960
929 1241
929 1407
929 1548
929 1739
930 1121
930 1624
930 1772
931 1370
931 1445
933 962
933 1057
933 1132
933 1222
933 1255
933 1484
933 1573
934 969
934 1297
934 1312
934 1328
934 1409
934 1501
936 1377
937 969
938 969
940 1453
942 1409
943 955
943 986
943 1084
944 1525
945 946
945 956
945 957
945 978
945 984
945 999
945 1048
945 1065
945 1094
945 1106
945 1108
945 1112
945 1137
945 1168
945 1171
945 1189
945 1194
945 1202
945 1211
945 1223
945 1246
945 1252
945 1306
945 1332
945 1365
945 1413
945 1461
945 1474
945 1500
945 1502
945 1530
945 1534
945 1546
945 1563
945 1574
945 1612
945 1615
945 1621
945 1629
945 1635
945 1639
945 1671
945 1684
945 1688
945 1695
945 1698
945 1708
945 1711
945 1742
945 1764
945 1781
945 1787
945 1792
945 1821
945 1852
945 1870
946 981
946 1602
947 969
947 1059
947 1074
947 1085
947 1106
947 1123
947 1183
947 1188
947 1208
947 1223
947 1235
947 1327
947 1372
947 1461
947 1613
947 1642
947 1653
947 1869
948 1450
948 1859
949 1084
950 960
950 1024
950 1172
950 1237
950 1272
950 1340
950 1404
950 1414
950 1517
950 1561
950 1646
950 1685
950 1812
950 1856
951 1171
952 1409
953 1759
954 1368
954 1495
955 986
955 1290
955 1815
956 1033
956 1171
957 1129
958 1718
960 1162
960 1241
960 1407
960 1423
960 1548
960 1687
960 1739
961 1460
961 1651
962 1222
963 967
963 1398
963 1414
963 1886
964 1186
964 1832
966 1055
966 1279
966 1653
968 1860
969 984
969 996
969 1007
969 1008
969 1009
969 1013
969 1017
969 1026
969 1039
969 1047
969 1072
969 1082
969 1083
969 1096
969 1097
969 1098
969 1104
969 1108
969 1112
969 1155
969 1160
969 1168
969 1172
969 1173
969 1175
969 1181
969 1188
969 1199
969 1203
969 1206
969 1210
969 1218
969 1220
969 1240
969 1243
969 1248
969 1252
969 1257
969 1259
969 1264
969 1265
969 1278
969 1280
969 1282
969 1290
969 1297
969 1299
969 1312
969 1317
969 1318
969 1320
969 1325
969 1328
969 1330
969 1339
969 1360
969 1361
969 1362
969 1365
969 1369
969 1378
969 1379
969 1390
969 1391
969 1392
969 1398
969 1413
969 1419
969 1422
969 1434
969 1439
969 1443
969 1450
969 1462
969 1466
969 1471
969 1474
969 1482
969 1486
969 1488
969 1501
969 1502
969 1505
969 1507
969 1511
969 1522
969 1535
969 1541
969 1542
969 1558
969 1575
969 1578
969 1603
969 1609
969 1616
969 1621
969 1625
969 1629
969 1646
969 1647
969 1651
969 1653
969 1656
969 1657
969 1658
969 1663
969 1667
969 1669
969 1676
969 1677
969 1679
969 1681
969 1684
969 1685
969 1691
969 1694
969 1697
969 1703
969 1710
969 1711
969 1712
969 1713
969 1716
969 1728
969 1729
969 1741
969 1748
969 1755
969 1764
969 1778
969 1798
969 1802
969 1804
969 1806
969 1810
969 1818
969 1826
969 1845
969 1851
969 1852
969 1860
969 1862
969 1873
969 1889
969 1890
969 1895
969 1896
969 1897
969 1898
969 1904
969 1906
969 1909
969 1910
970 1171
971 1155
971 1173
971 1681
971 1684
971 1718
971 1904
972 1377
973 1129
974 1129
974 1311
974 1377
974 1718
975 1403
975 1473
977 1886
978 1414
979 1129
979 1615
979 1649
980 995
981 1019
981 1129
982 1163
983 1117
984 1171
985 1171
986 1080
986 1290
986 1609
987 1445
988 1294
988 1881
989 1312
989 1669
990 1888
992 1418
992 1604
993 1019
993 1129
994 1311
995 1067
995 1070
995 1078
995 1093
995 1116
995 1267
995 1311
995 1399
995 1496
995 1516
995 1520
995 1659
995 1749
995 1754
995 1792
995 1793
995 1863
995 1872
996 1171
999 1019
999 1129
999 1171
999 1311
999 1697
999 1718
1002 1526
1003 1046
1003 1120
1003 1239
1003 1483
1003 1664
1003 1878
1004 1377
1006 1718
1007 1418
1007 1450
1007 1694
1007 1909
1010 1077
1010 1103
1010 1120
1010 1229
1010 1512
1010 1515
1010 1765
1010 1889
1010 1892
1012 1019
1012 1129
1014 1162
1015 1019
1015 1129
1016 1064
1016 1129
1016 1424
1016 1841
1018 1019
1018 1129
1018 1311
1019 1027
1019 1064
1019 1069
1019 1076
1019 1090
1019 1095
1019 1107
1019 1109
1019 1116
1019 1129
1019 1158
1019 1164
1019 1174
1019 1179
1019 1192
1019 1213
1019 1214
1019 1230
1019 1238
1019 1247
1019 1262
1019 1283
1019 1308
1019 1342
1019 1363
1019 1373
1019 1385
1019 1410
1019 1416
1019 1424
1019 1433
1019 1463
1019 1511
1019 1513
1019 1514
1019 1535
1019 1544
1019 1553
1019 1575
1019 1587
1019 1596
1019 1601
1019 1617
1019 1630
1019 1654
1019 1703
1019 1704
1019 1724
1019 1740
1019 1763
1019 1786
1019 1794
1019 1809
1019 1825
1019 1831
1019 1841
1019 1847
1019 1852
1019 1862
1020 1460
1020 1651
1021 1543
1023 1531
1024 1326
1024 1682
1025 1366
1026 1082
1027 1129
1027 1171
1028 1272
1028 1315
1028 1366
1028 1414
1028 1812
1030 1494
1034 1311
1034 1521
1036 1272
1036 1414
1036 1480
1037 1272
1037 1326
1037 1414
1037 1812
1038 1409
1040 1315
1046 1100
1046 1120
1046 1483
1047 1377
1047 1391
1047 1517
1047 1607
1047 1759
1051 1414
1054 1182
1054 1470
1054 1624
1054 1907
1055 1356
1055 1363
1055 1813
1056 1140
1056 1374
1056 1479
1057 1132
1057 1255
1057 1484
1057 1573
1059 1123
1060 1689
1060 1759
1061 1153
1061 1521
1061 1910
1062 1877
1063 1311
1066 1146
1066 1824
1069 1129
1069 1411
1070 1093
1070 1267
1070 1414
1072 1311
1073 1538
1073 1610
1073 1709
1073 1779
1073 1853
1073 1861
1075 1272
1075 1812
1076 1129
1077 1889
1079 1377
1080 1166
1080 1464
1080 1570
1080 1606
1080 1609
1080 1699
1080 1882
1080 1911
1081 1465
1082 1186
1082 1756
1082 1782
1082 1832
1085 1093
1085 1223
1085 1235
1085 1327
1085 1615
1085 1642
1086 1749
1087 1429
1088 1702
1089 1445
1090 1129
1091 1495
1091 1651
1093 1106
1093 1235
1093 1267
1093 1461
1093 1538
1093 1613
1093 1653
1094 1171
1095 1116
1095 1129
1095 1311
1095 1521
1095 1697
1100 1116
1100 1350
1100 1588
1100 1763
1100 1888
1101 1414
1103 1512
1103 1889
1106 1223
1106 1461
1107 1129
1109 1129
1110 1808
1112 1171
1112 1759
1113 1460
1113 1651
1114 1472
1115 1460
1115 1651
1116 1129
1116 1131
1116 1315
1116 1433
1116 1491
1116 1587
1117 1171
1118 1651
1119 1285
1119 1303
1119 1556
1119 1803
1119 1834
1120 1229
1120 1239
1120 1432
1120 1446
1120 1483
1120 1664
1120 1889
1120 1892
1121 1166
1123 1521
1123 1613
1123 1640
1124 1485
1124 1626
1125 1391
1125 1557
1125 1665
1126 1234
1126 1278
1126 1613
1126 1653
1126 1887
1129 1169
1129 1174
1129 1179
1129 1192
1129 1214
1129 1216
1129 1230
1129 1238
1129 1247
1129 1262
1129 1283
1129 1290
1129 1301
1129 1308
1129 1385
1129 1416
1129 1424
1129 1433
1129 1457
1129 1463
1129 1514
1129 1535
1129 1542
1129 1544
1129 1553
1129 1575
1129 1587
1129 1588
1129 1596
1129 1618
1129 1630
1129 1648
1129 1654
1129 1673
1129 1686
1129 1703
1129 1704
1129 1724
1129 1737
1129 1744
1129 1763
1129 1764
1129 1774
1129 1775
1129 1776
1129 1786
1129 1797
1129 1809
1129 1810
1129 1831
1129 1841
1129 1847
1129 1852
1129 1862
1131 1697
1132 1255
1132 1484
1132 1573
1135 1249
1135 1409
1135 1899
1138 1185
1138 1292
1139 1289
1139 1367
1139 1641
1140 1374
1140 1479
1141 1486
1143 1329
1146 1367
1146 1468
1146 1572
1146 1619
1146 1709
1146 1797
1146 1824
1149 1315
1150 1272
1150 1366
1150 1812
1151 1830
1152 1494
1153 1521
1155 1255
1155 1328
1156 1493
1156 1865
1157 1225
1157 1329
1157 1490
1157 1717
1158 1212
1159 1681
1159 1684
1160 1377
1162 1241
1162 1277
1162 1423
1162 1687
1162 1767
1163 1352
1163 1454
1163 1599
1163 1814
1164 1311
1166 1285
1166 1450
1166 1570
1166 1753
1166 1772
1166 1899
1167 1403
1168 1171
1168 1414
1171 1199
1171 1250
1171 1257
1171 1261
1171 1290
1171 1321
1171 1332
1171 1339
1171 1355
1171 1365
1171 1375
1171 1379
1171 1413
1171 1474
1171 1481
1171 1492
1171 1502
1171 1519
1171 1533
1171 1546
1171 1563
1171 1571
1171 1609
1171 1615
1171 1621
1171 1635
1171 1657
1171 1695
1171 1698
1171 1707
1171 1708
1171 1740
1171 1747
1171 1749
1171 1758
1171 1764
1171 1781
1171 1792
1171 1800
1171 1833
1171 1852
1172 1466
1172 1677
1173 1328
1173 1659
1173 1820
1173 1859
1174 1311
1176 1377
1177 1662
1177 1733
1179 1311
1179 1521
1180 1495
1182 1470
1182 1624
1183 1188
1183 1640
1185 1292
1186 1832
1187 1842
1189 1530
1191 1508
1192 1311
1192 1521
1193 1272
1193 1414
1193 1812
1195 1286
1195 1367
1196 1760
1197 1521
1198 1752
1200 1285
1200 1538
1200 1610
1200 1861
1204 1680
1204 1702
1204 1725
1204 1732
1204 1900
1205 1377
1208 1640
1208 1697
1209 1497
1209 1810
1212 1825
1213 1521
1213 1697
1214 1311
1215 1454
1215 1814
1216 1311
1219 1856
1220 1311
1223 1235
1224 1884
1225 1659
1227 1796
1229 1889
1230 1311
1231 1367
1233 1377
1234 1235
1235 1613
1235 1615
1235 1640
1235 1653
1235 1709
1236 1272
1236 1315
1236 1414
1236 1812
1241 1407
1241 1548
1241 1687
1241 1739
1242 1481
1242 1513
1243 1677
1244 1465
1244 1510
1244 1700
1245 1390
1249 1409
1249 1668
1249 1884
1253 1460
1253 1651
1255 1484
1255 1573
1260 1425
1260 1627
1260 1820
1260 1868
1262 1718
1263 1861
1266 1702
1267 1496
1267 1906
1268 1409
1268 1521
1271 1582
1272 1288
1272 1305
1272 1316
1272 1322
1272 1357
1272 1366
1272 1404
1272 1414
1272 1477
1272 1506
1272 1559
1272 1566
1272 1568
1272 1579
1272 1581
1272 1590
1272 1605
1272 1634
1272 1743
1272 1749
1272 1750
1272 1812
1272 1855
1272 1874
1276 1331
1276 1702
1277 1407
1277 1423
1277 1493
1277 1687
1277 1701
1277 1819
1284 1759
1284 1815
1284 1859
1285 1538
1285 1570
1285 1884
1288 1366
1288 1414
1288 1812
1289 1367
1290 1718
1290 1843
1291 1454
1291 1814
1292 1399
1292 1760
1293 1370
1293 1594
1297 1312
1297 1328
1297 1501
1298 1886
1300 1311
1301 1521
1302 1759
1305 1315
1305 1366
1305 1414
1305 1812
1307 1687
1307 1767
1307 1853
1308 1311
1308 1521
1309 1718
1311 1342
1311 1422
1311 1553
1311 1587
1311 1596
1311 1648
1311 1670
1311 1681
1311 1686
1311 1704
1311 1724
1311 1786
1311 1794
1311 1847
1311 1863
1312 1328
1312 1669
1313 1810
1315 1559
1315 1566
1315 1581
1315 1605
1315 1768
1315 1838
1315 1855
1315 1874
1316 1414
1316 1812
1322 1366
1322 1414
1322 1568
1322 1812
1324 1584
1326 1682
1327 1653
1328 1501
1328 1684
1329 1381
1329 1490
1329 1577
1329 1717
1329 1731
1329 1837
1331 1702
1332 1414
1334 1628
1334 1796
1335 1414
1337 1395
1340 1886
1341 1454
1341 1814
1343 1752
1344 1734
1345 1409
1347 1576
1348 1460
1348 1651
1349 1409
1349 1692
1354 1832
1357 1414
1357 1812
1358 1771
1360 1636
1360 1873
1363 1458
1363 1740
1364 1383
1364 1456
1364 1498
1364 1776
1364 1797
1366 1404
1366 1414
1366 1477
1366 1506
1366 1559
1366 1566
1366 1605
1366 1812
1366 1855
1366 1874
1366 1876
1367 1641
1367 1720
1370 1689
1370 1719
1370 1854
1371 1513
1374 1479
1376 1377
1377 1427
1377 1469
1377 1722
1377 1731
1377 1815
1377 1840
1377 1842
1377 1871
1380 1414
1380 1451
1384 1422
1384 1681
1387 1419
1387 1460
1387 1620
1387 1651
1395 1645
1397 1853
1401 1425
1401 1611
1401 1627
1401 1820
1402 1599
1402 1702
1403 1690
1404 1414
1404 1812
1405 1674
1407 1423
1407 1493
1407 1548
1407 1687
1407 1739
1409 1412
1409 1549
1409 1606
1409 1621
1409 1668
1409 1683
1409 1735
1409 1884
1410 1411
1410 1521
1414 1477
1414 1506
1414 1540
1414 1559
1414 1566
1414 1568
1414 1574
1414 1579
1414 1581
1414 1590
1414 1605
1414 1615
1414 1634
1414 1695
1414 1710
1414 1749
1414 1750
1414 1764
1414 1812
1414 1855
1414 1874
1415 1868
1417 1611
1417 1868
1418 1816
1418 1880
1419 1460
1419 1651
1420 1886
1422 1532
1423 1687
1423 1739
1425 1611
1425 1627
1425 1659
1425 1792
1425 1820
1428 1505
1430 1435
1430 1860
1431 1721
1433 1697
1435 1472
1435 1480
1437 1886
1438 1886
1443 1564
1444 1811
1444 1846
1447 1697
1453 1697
1454 1814
1455 1861
1456 1866
1459 1467
1460 1475
1460 1505
1460 1558
1460 1651
1460 1776
1460 1896
1460 1902
1461 1640
1464 1699
1465 1628
1468 1536
1475 1651
1476 1680
1476 1730
1476 1810
1477 1812
1478 1900
1481 1513
1484 1573
1486 1541
1487 1691
1491 1697
1493 1701
1495 1805
1495 1857
1500 1801
1505 1651
1506 1812
1509 1699
1510 1700
1512 1892
1514 1718
1520 1531
1521 1529
1521 1587
1521 1596
1521 1704
1521 1773
1521 1786
1531 1738
1532 1681
1537 1594
1538 1610
1538 1709
1538 1779
1538 1861
1539 1631
1540 1812
1541 1561
1545 1702
1547 1730
1547 1760
1548 1687
1548 1739
1550 1696
1554 1886
1555 1752
1556 1699
1558 1651
1559 1812
1560 1844
1561 1888
1562 1752
1565 1584
1566 1812
1568 1812
1577 1731
1578 1718
1579 1812
1580 1868
1581 1682
1581 1812
1585 1886
1586 1682
1587 1697
1590 1812
1591 1886
1593 1717
1600 1757
1605 1812
1606 1699
1609 1718
1609 1843
1610 1709
1610 1779
1610 1861
1611 1627
1613 1615
1613 1640
1613 1653
1613 1718
1614 1752
1615 1649
1615 1653
1621 1831
1626 1655
1627 1659
1627 1868
1628 1767
1631 1702
1634 1812
1636 1873
1639 1796
1640 1653
1643 1863
1649 1842
1651 1776
1651 1827
1651 1896
1651 1902
1652 1884
1653 1718
1659 1681
1659 1684
1659 1717
1659 1731
1659 1868
1661 1702
1675 1826
1679 1813
1681 1859
1682 1903
1684 1820
1684 1859
1687 1739
1687 1767
1689 1810
1692 1736
1696 1795
1697 1745
1699 1812
1699 1834
1699 1882
1699 1911
1701 1880
1702 1719
1702 1725
1702 1732
1702 1866
1705 1849
1709 1779
1709 1861
1714 1868
1718 1851
1718 1904
1719 1866
1731 1837
1735 1828
1743 1812
1746 1826
1749 1812
1750 1812
1756 1782
1759 1760
1759 1795
1766 1825
1767 1907
1770 1886
1776 1860
1779 1861
1783 1889
1799 1831
1799 1905
1803 1836
1810 1868
1812 1855
1812 1874
1820 1868
1826 1876
1853 1861
1889 1892
0
