1
1 1144
1 1331
1 3928
2 1308
2 2060
2 2982
2 3273
3 466
4 2303
5 765
6 128
6 260
6 2060
6 2335
6 2789
6 3632
7 1194
8 4103
9 178
9 758
9 1305
9 1722
10 2060
11 227
12 1225
12 1455
12 1537
12 1889
12 4084
12 4104
13 372
13 917
13 2018
13 2201
13 2397
13 3737
14 260
14 1297
14 1722
14 1889
14 2060
14 3790
14 4158
15 1372
15 3037
15 3299
16 1253
16 1822
16 2876
16 2902
16 3356
16 3607
17 3034
18 758
19 672
20 1660
21 2964
22 535
23 4104
24 2448
24 2946
25 3965
26 3373
27 1305
28 3774
28 3936
29 1194
29 3774
30 1492
30 2038
31 3302
32 50
32 116
32 136
32 378
32 414
32 647
32 724
32 744
32 762
32 774
32 859
32 900
32 957
32 1112
32 1196
32 1221
32 1289
32 1394
32 1414
32 1435
32 1447
32 1492
32 1546
32 1558
32 1635
32 1922
32 1967
32 2026
32 2027
32 2028
32 2118
32 2153
32 2335
32 2348
32 2354
32 2397
32 2476
32 2531
32 2557
32 2657
32 2702
32 2759
32 2937
32 2965
32 2990
32 3150
32 3208
32 3235
32 3268
32 3315
32 3399
32 3448
32 3777
32 3960
32 3963
32 3984
32 4003
32 4108
32 4143
32 4165
32 4167
32 4168
32 4298
33 1305
34 948
34 1093
34 4150
35 1305
36 504
36 717
36 758
36 964
36 1305
36 2060
36 3705
36 4232
36 4335
37 2324
37 2335
38 1262
38 2551
38 3034
39 1305
40 682
40 922
40 1778
40 1779
40 1889
40 2434
40 3729
40 3730
40 3943
41 172
41 488
41 489
41 772
41 914
41 1028
41 1073
41 1714
41 1889
41 1960
41 2141
41 2265
41 2659
41 2759
41 2806
41 2891
41 3224
41 3244
41 3399
41 3448
41 3730
41 3754
41 4066
41 4067
41 4109
41 4181
41 4279
42 835
42 1571
42 1985
42 2891
42 3244
42 3399
42 3448
42 3730
42 4036
43 4354
44 628
44 2392
44 2394
44 3004
44 3482
44 4323
45 882
46 1194
47 717
47 2789
47 3534
47 4335
48 1492
49 2525
49 3534
51 4296
52 73
52 74
52 482
52 508
52 509
52 735
52 1637
52 1889
52 2391
52 2992
52 3888
53 136
53 455
53 728
53 2038
53 2060
53 2499
53 2602
53 2604
53 2774
53 2990
53 3025
53 3174
53 4306
54 758
54 1194
54 1305
54 1722
55 3244
55 3578
56 1773
57 107
57 697
57 2975
58 3114
58 3373
59 466
60 3295
61 504
61 964
62 1194
63 1014
63 1059
63 1583
63 1587
63 3684
63 3854
64 2535
65 4296
66 2610
66 2619
67 1194
68 712
69 2060
69 3034
70 2010
70 2323
70 3783
71 3931
72 3895
73 676
73 763
73 1143
73 1754
73 2033
73 2453
73 3903
73 3961
74 363
74 676
74 805
74 1053
74 1143
74 1973
74 2373
74 2424
74 2453
74 2870
74 3578
75 93
75 536
75 578
75 619
75 1033
75 1194
75 1338
76 1194
76 4010
77 717
77 3034
77 4335
78 540
79 1305
80 3557
81 990
81 3262
82 3898
83 1450
83 1458
83 3707
83 3759
84 1157
84 1890
84 3635
85 1066
85 1323
85 1572
85 2759
86 758
87 2618
87 2877
88 295
88 345
88 2610
88 2619
89 324
89 3952
89 4011
90 213
90 2616
90 3111
91 3034
92 2816
93 2392
93 2394
93 3034
94 2818
94 2820
94 3139
95 1131
96 461
96 1722
96 2062
96 2608
96 3113
96 3206
96 3373
96 4294
96 4299
97 2515
97 2816
98 221
98 504
98 516
98 535
98 712
98 717
98 758
98 939
98 964
98 1194
98 1305
98 1323
98 1470
98 1889
98 1980
98 1994
98 2394
98 2499
98 2506
98 2789
98 2833
98 3673
98 3705
98 3892
98 4202
98 4232
98 4335
99 1719
99 3034
100 461
100 917
100 1718
100 1795
100 1967
100 2335
100 2687
100 2866
100 3042
100 3373
101 466
102 372
102 849
102 850
102 855
102 2589
103 1722
103 2105
103 4309
104 438
104 997
105 758
105 762
105 1305
105 1492
105 1774
105 2789
105 4103
106 758
106 1305
106 1492
106 4103
108 1194
109 1303
109 2533
110 1282
111 255
111 3558
112 2854
113 1457
114 260
114 1722
114 2060
114 3566
115 1144
117 372
117 3566
118 4335
119 372
120 197
120 223
120 975
120 1493
120 1889
120 1946
120 2470
120 2485
120 2829
120 3310
120 3933
121 3034
122 1722
123 628
123 2392
123 3522
123 3888
123 3931
123 4243
123 4323
124 1687
125 1584
125 2108
125 2186
126 3034
127 213
127 407
127 776
127 968
127 2441
127 3545
127 3787
127 4085
128 372
128 463
128 707
128 1722
128 1927
128 1941
128 1991
128 2060
128 2166
128 2265
128 3630
128 3852
128 4017
128 4038
128 4268
128 4337
129 1305
130 990
130 1889
131 660
131 762
131 1572
131 1579
131 1889
131 2986
132 407
132 571
132 909
132 935
132 939
132 968
132 1834
132 1889
132 2176
132 2380
132 2880
132 3018
132 3211
132 3862
133 1210
133 3089
134 3034
135 758
135 1170
135 3917
136 1076
136 2060
136 2560
137 1305
137 3588
138 758
139 1889
139 2329
140 717
140 939
140 1194
140 1637
140 4335
141 1722
142 2060
142 2656
142 2713
142 3892
142 4219
143 1532
143 2467
144 1492
144 4296
145 3034
146 3034
147 1722
148 1897
148 2438
148 4019
149 954
149 1167
149 3045
150 1372
151 4262
152 493
153 154
153 227
153 1979
153 1992
153 2119
153 2303
153 2318
153 2440
153 3137
153 3334
153 4166
153 4246
153 4251
154 204
154 784
154 1722
154 1889
154 2060
154 2337
154 3037
154 3113
154 3173
154 3211
154 3299
154 3479
154 3505
154 3605
154 3928
154 4086
154 4097
154 4104
155 935
155 939
156 1126
157 2749
157 3276
158 448
158 508
158 509
158 983
158 1085
158 1170
158 1610
158 1962
158 2119
158 2436
158 2789
158 2879
158 2902
158 3710
158 4246
159 1305
159 1492
160 928
160 1722
160 2060
160 2585
160 2586
161 715
162 1144
163 2565
164 783
164 1165
164 1784
164 1826
164 3103
164 3413
164 3457
164 3714
165 2303
166 2624
167 1903
168 1144
169 3895
170 758
170 4328
171 1764
172 1167
172 1253
172 1263
172 1889
172 2288
172 2373
172 2417
172 2485
172 2816
172 2886
172 2887
172 3574
172 3577
172 3986
172 4279
173 304
173 619
173 4058
174 777
174 996
174 2207
174 2485
174 2713
174 2891
175 758
176 769
177 3034
178 993
178 1318
178 1398
178 1429
178 1489
178 1632
178 1889
178 2244
178 3671
178 3761
178 3823
179 1194
180 1719
181 939
181 2259
181 3066
182 1194
183 366
183 618
184 3961
185 4207
186 956
186 1110
186 1564
186 1721
186 2348
186 2403
186 3052
186 3519
186 4324
186 4361
187 353
187 993
187 1377
187 2908
187 3163
187 3887
187 3888
187 4243
187 4346
188 1086
188 1911
188 3084
189 2334
190 2548
191 3196
192 1194
193 372
193 1722
194 3556
194 3578
195 1897
196 805
196 914
196 1194
196 3574
197 405
197 805
197 914
197 1042
197 1167
197 1220
197 1302
197 1514
197 1967
197 2349
197 2373
197 2392
197 2394
197 2408
197 2434
197 2485
197 2577
197 2647
197 3244
197 3577
197 3963
197 3969
197 4243
197 4279
197 4297
197 4346
198 503
198 537
198 759
198 936
198 939
198 1337
198 1461
198 1945
198 2106
198 2259
198 2358
198 2434
198 2499
198 2569
198 2589
198 3192
198 3270
198 3325
198 3508
198 3564
198 3963
198 4282
198 4294
199 3299
200 3484
201 396
201 397
201 922
201 2485
201 4219
202 2992
203 1532
203 2467
204 372
204 712
204 1825
205 2708
205 3909
206 2499
207 1492
207 2060
208 2924
209 1034
209 3103
209 3585
210 603
211 717
211 807
211 939
211 2789
211 3705
211 4335
212 1274
213 762
213 1718
213 1897
213 2551
213 3091
213 3456
213 3561
213 3562
213 4075
213 4194
213 4246
214 1678
214 2475
214 4068
215 1194
216 4328
216 4335
217 466
218 4253
219 1425
220 345
220 1889
220 2610
220 2619
220 4335
221 1572
221 2661
221 2663
221 2759
222 2789
224 614
224 712
224 3817
225 4335
226 2060
227 232
227 378
227 466
227 562
227 691
227 737
227 767
227 1103
227 1254
227 1445
227 1479
227 1716
227 1978
227 2026
227 2028
227 2153
227 2272
227 2343
227 2348
227 2651
227 2928
227 3041
227 3204
227 3461
227 3486
227 3517
227 3626
227 3719
227 3830
227 4003
227 4104
227 4147
227 4302
228 3034
229 1194
230 1492
231 2895
232 3761
233 547
233 2060
233 3370
233 4361
234 1979
235 3585
236 2060
237 2660
238 1144
239 1504
239 3219
240 1194
241 751
241 2164
241 2168
241 2170
241 3915
242 1722
242 3460
242 3461
242 3801
242 4103
243 1530
243 4233
244 2060
245 2060
245 3034
246 1296
247 1221
247 1442
247 1443
247 1447
247 1747
247 3562
248 758
248 3557
249 758
249 1492
250 1305
250 1492
250 1889
251 2117
252 3034
253 1194
254 372
255 1566
256 2473
257 3034
258 2060
259 2164
259 2168
259 2170
260 372
260 461
260 506
260 707
260 712
260 797
260 928
260 1036
260 1050
260 1478
260 1699
260 1722
260 1837
260 1884
260 1930
260 1991
260 2038
260 2044
260 2082
260 2135
260 2145
260 2168
260 2170
260 2265
260 2687
260 2856
260 2911
260 3042
260 3113
260 3234
260 3373
260 3566
260 3852
260 4270
260 4299
260 4343
261 712
261 1967
261 2952
261 3234
261 3821
261 4080
262 758
262 778
262 1305
262 1492
262 2394
263 4335
264 1722
265 2438
266 1230
267 429
268 316
268 466
268 909
268 2335
268 2438
268 2555
268 4019
268 4150
269 717
270 2313
270 2609
270 2616
270 2617
270 2619
271 1194
272 1381
272 3299
273 2702
273 3034
274 536
274 619
275 1194
276 1305
277 2901
278 3827
279 2373
279 2499
279 4335
280 2698
280 2699
281 345
281 490
281 2610
281 2619
281 3034
282 1194
283 289
284 3034
285 3110
286 659
287 751
287 1722
287 3114
288 2942
288 2943
289 614
290 1305
291 3318
292 472
292 1531
293 659
293 1718
294 751
294 3034
295 1721
295 1920
295 3373
295 3420
296 1899
296 2857
296 3109
296 3516
297 516
298 3516
299 1992
299 3034
299 4104
300 2335
300 3034
301 1492
302 1144
302 2789
303 700
303 1626
303 1730
303 2388
303 3703
303 3740
303 3969
303 4335
304 1967
304 3776
305 1967
305 2175
305 2397
305 4157
306 3725
307 712
308 3270
309 746
309 1572
310 504
310 717
310 758
310 964
310 1305
310 3705
310 4232
311 1719
311 1735
311 2513
311 3585
311 4252
312 3511
313 4166
314 1227
314 3034
314 3204
314 3511
315 1722
315 2560
315 3076
315 3874
316 469
316 727
316 917
316 1009
316 1526
316 1671
316 1687
316 1719
316 2280
316 2384
316 2990
316 3618
316 4349
316 4354
317 3566
318 1722
319 1722
320 1305
321 1492
322 504
322 535
322 717
322 758
322 964
322 1305
322 2060
322 3705
322 4232
323 1950
323 3034
323 3046
324 860
324 1220
324 1224
324 1686
324 1889
324 2657
324 4011
324 4265
325 3552
326 2687
326 3042
327 1719
327 2038
327 2039
327 2358
327 4354
328 1719
328 3373
329 914
329 4274
330 712
330 1333
330 1722
330 2060
330 2710
330 3299
330 3566
330 3571
330 3584
330 4203
330 4262
330 4316
331 3221
332 1076
333 829
333 3979
334 1194
335 2203
335 4296
336 712
336 4211
336 4361
337 1722
338 484
338 508
338 521
338 708
338 754
338 794
338 1090
338 1156
338 1168
338 1304
338 1364
338 1506
338 1685
338 1712
338 2003
338 2143
338 2214
338 2250
338 2280
338 2358
338 2435
338 2563
338 2609
338 2704
338 2749
338 2900
338 2925
338 3213
338 3487
338 3565
338 3760
338 3894
338 3928
338 4137
339 1170
339 4335
340 1364
341 2687
342 1065
343 355
343 372
343 1124
343 1722
343 1991
343 2038
343 2438
343 3034
343 3566
344 712
345 442
345 852
345 1024
345 2268
345 2610
345 2619
346 3379
347 3034
348 712
348 1364
348 1722
348 2060
348 2206
348 2220
348 3025
348 3034
348 3076
348 3561
348 3566
348 3673
348 3874
349 1194
350 3740
351 3034
351 4145
352 1722
353 504
353 535
353 758
353 769
353 964
353 1305
353 3887
353 4335
354 1492
355 607
355 712
355 713
355 1009
355 1490
355 1722
355 2044
355 2135
355 2265
355 2335
355 2695
355 2728
355 2878
355 4017
356 717
357 2813
357 2816
357 3139
358 2789
359 516
359 1194
359 1733
359 2060
359 4335
360 3045
360 3289
361 1194
362 1899
362 2313
362 2992
362 3018
362 3888
363 718
363 1170
363 1446
363 1658
363 1841
363 1899
363 1906
363 2313
363 2314
363 2509
363 2617
363 2992
363 3018
363 3046
363 3246
363 3456
363 3517
363 3757
363 3888
363 4061
363 4243
364 2040
364 2836
364 3203
364 3646
364 4048
364 4369
365 1889
366 2303
367 571
367 1018
368 1305
369 1331
369 1367
369 1396
369 1591
369 1609
369 1826
369 3714
369 4125
370 935
370 939
370 968
370 1066
370 1253
370 1384
370 1889
370 1946
370 2616
370 3018
370 3838
370 3862
371 3969
372 463
372 465
372 523
372 544
372 632
372 706
372 707
372 712
372 724
372 856
372 888
372 969
372 985
372 1036
372 1050
372 1155
372 1239
372 1343
372 1390
372 1442
372 1488
372 1561
372 1625
372 1722
372 1734
372 1735
372 1763
372 1816
372 1835
372 1837
372 1879
372 1884
372 1888
372 1905
372 1907
372 1930
372 1972
372 1991
372 2038
372 2044
372 2060
372 2113
372 2132
372 2158
372 2239
372 2326
372 2395
372 2445
372 2522
372 2549
372 2856
372 2999
372 3017
372 3113
372 3129
372 3133
372 3211
372 3271
372 3373
372 3387
372 3566
372 3585
372 3647
372 3682
372 3720
372 3816
372 3821
372 3835
372 3852
372 3869
372 3978
372 4038
372 4083
372 4270
372 4329
372 4343
373 1521
373 1722
374 1035
374 1722
374 4026
374 4034
374 4082
375 1351
375 1642
375 2585
375 2586
375 3963
376 1722
377 876
377 1889
377 4245
379 758
380 1188
380 1492
380 2392
380 2394
380 2485
381 4369
382 2587
383 1194
384 2200
384 2395
384 2438
384 2610
384 3847
384 4194
385 526
385 4261
386 999
386 1626
387 2072
387 2073
387 3102
387 4163
388 2072
388 2073
389 3837
389 4166
390 2060
391 1034
391 2235
392 466
392 1168
392 1826
392 2078
392 2235
392 2393
392 3413
392 3591
393 2335
393 2901
394 978
395 1194
396 397
396 1446
396 2849
396 2886
396 3087
397 922
397 1446
397 2352
397 2373
397 2849
397 2886
397 2891
397 3087
397 3174
397 3386
397 4155
397 4279
398 439
398 1171
398 1492
398 3345
399 3034
400 1172
401 1131
401 3024
402 732
402 1889
402 3731
403 4103
404 1194
404 1830
404 1914
404 2562
404 2578
404 3146
404 3241
405 939
405 2485
406 3517
407 968
407 1628
407 1919
407 2259
407 2359
407 2879
407 2880
408 1194
409 936
409 2992
409 3582
410 1492
411 949
411 2810
412 758
412 1722
412 2789
413 1773
414 466
414 508
414 509
414 1194
414 1722
414 1737
414 2038
414 2060
415 1155
415 1364
416 3559
417 1194
418 1305
419 1889
420 3034
421 3393
422 1305
423 1484
423 4014
424 2789
425 573
425 3553
426 1615
427 1722
427 3034
428 3034
429 758
429 800
429 1194
429 1361
429 1773
429 2006
429 2792
429 3126
429 3909
429 4184
430 1194
431 717
431 1492
431 2392
431 2394
431 2731
432 751
433 3034
434 4090
434 4354
435 1171
435 1194
435 1232
435 3008
435 3888
436 1060
437 1144
437 1378
437 2789
438 837
438 1430
439 592
439 722
439 2807
439 2920
439 3623
440 758
440 1722
440 3472
440 3517
441 1397
441 2925
442 2619
442 2925
443 1722
444 562
444 1722
444 3034
444 3566
445 4016
446 487
446 1574
446 2516
446 2816
446 2820
447 780
448 831
448 961
448 1085
448 1170
448 1803
448 2524
448 2746
448 2864
448 3027
448 3262
448 3357
448 3363
448 3521
448 3612
448 3690
448 3719
448 4335
449 1305
450 712
451 1722
451 3479
452 1194
453 1889
453 2515
454 717
454 758
454 1305
454 3705
455 903
456 1144
457 3929
458 1615
458 1748
458 2740
458 3615
458 3616
458 4195
459 712
459 4335
460 461
460 482
460 1299
460 2062
460 2309
460 2714
460 2715
460 3091
460 3373
460 3401
460 4050
460 4341
461 508
461 509
461 757
461 774
461 1372
461 1490
461 1585
461 1835
461 2060
461 2062
461 2120
461 2309
461 2495
461 2589
461 2609
461 2681
461 2868
461 3037
461 3113
461 3299
461 3364
461 3373
461 3517
461 3566
461 3632
461 3807
461 3874
461 3990
461 4182
461 4343
462 3566
463 1225
463 1722
463 1991
463 2060
463 2135
463 3113
463 3373
463 3566
464 1722
465 1991
465 3566
466 518
466 519
466 539
466 648
466 770
466 785
466 814
466 843
466 955
466 1009
466 1011
466 1046
466 1083
466 1085
466 1162
466 1176
466 1272
466 1273
466 1330
466 1445
466 1479
466 1481
466 1491
466 1507
466 1526
466 1553
466 1582
466 1671
466 1728
466 1769
466 1819
466 1832
466 1834
466 1860
466 1883
466 1884
466 1889
466 1908
466 1930
466 1935
466 2038
466 2046
466 2056
466 2069
466 2153
466 2204
466 2219
466 2235
466 2270
466 2280
466 2281
466 2348
466 2358
466 2372
466 2381
466 2439
466 2517
466 2584
466 2678
466 2833
466 2880
466 3000
466 3025
466 3036
466 3073
466 3095
466 3188
466 3204
466 3210
466 3211
466 3268
466 3317
466 3322
466 3341
466 3446
466 3594
466 3736
466 3764
466 3871
466 4080
466 4092
466 4126
466 4163
466 4288
466 4299
466 4354
466 4355
466 4360
467 2593
467 3629
468 2024
468 2150
468 3314
468 3557
469 609
469 712
469 924
469 1594
469 2756
469 4019
470 516
470 3740
471 2224
472 478
472 1967
472 2301
472 2676
472 2916
472 3368
472 3373
473 3034
474 680
474 2392
474 2394
475 751
476 2522
477 1572
479 535
479 633
479 1208
479 1305
479 1568
479 1615
479 3291
480 3506
480 3740
481 1120
481 3175
482 483
482 508
482 509
482 510
482 735
482 1687
482 1889
482 1936
482 2391
482 3113
482 3373
482 3527
482 4364
483 508
483 509
483 510
483 642
483 735
483 948
483 1327
483 2391
483 3527
483 4364
485 1889
485 3436
486 1508
486 3115
486 4025
489 2789
489 3027
490 754
490 1006
490 1441
490 2029
490 2387
490 2751
490 3758
490 3928
491 1722
491 3034
492 1194
494 2717
495 1305
496 4242
497 1151
497 3034
498 1305
499 3064
500 1637
501 751
502 1116
503 587
503 1722
503 4335
504 615
504 792
504 960
504 964
504 973
504 1100
504 1385
504 1519
504 1629
504 1630
504 1632
504 1635
504 1646
504 1727
504 1917
504 1996
504 2008
504 2059
504 2065
504 2503
504 2547
504 2763
504 3035
504 3093
504 3117
504 3428
504 3676
504 3823
504 4006
505 1773
505 3288
506 712
506 1722
506 3566
507 2717
507 2789
508 509
508 510
508 735
508 774
508 1442
508 1889
508 1936
508 2335
508 2381
508 2391
508 2438
508 2540
508 3527
509 510
509 735
509 774
509 1268
509 1889
509 1936
509 2381
509 2391
509 2540
509 3211
509 3276
509 3527
510 2391
510 3527
511 1194
512 515
512 1709
512 2520
512 4015
512 4366
513 3531
514 1722
514 3034
516 679
516 999
516 1128
516 1555
516 1626
516 1635
516 1762
516 2007
516 2008
516 2140
516 2154
516 2262
516 2489
516 2542
516 2629
516 2865
516 2881
516 2953
516 3029
516 3342
516 3823
516 3831
516 3901
517 519
517 4193
518 2916
518 3025
518 3037
518 3146
519 785
519 790
519 1083
519 1305
519 1826
519 2448
519 3025
519 3420
520 599
520 1304
520 1883
520 1889
520 4104
521 785
521 1083
521 3025
521 3420
522 801
524 2820
525 1194
527 1889
527 4175
528 616
528 637
528 685
528 948
528 1240
528 1889
528 2657
529 2511
529 2901
529 3517
529 3589
529 3947
530 1194
531 661
531 2477
531 3429
532 2833
533 3034
534 831
535 758
535 884
535 1025
535 1310
535 1376
535 1723
535 1942
535 2219
535 2504
535 2547
535 3419
535 3421
535 3642
535 3656
535 3860
535 4006
535 4370
536 578
536 619
536 1384
536 2392
536 2394
536 2509
536 3034
537 1624
538 939
538 1492
538 1637
538 1749
538 2054
538 2408
538 3578
538 4335
539 609
539 2870
540 2303
540 4369
541 3034
542 1492
543 1270
544 712
544 3566
545 660
545 2275
545 3034
545 3909
546 3034
547 3370
548 1194
549 1722
550 1305
551 571
551 1017
551 1018
551 2256
551 3886
551 4354
552 3740
553 1194
554 1722
555 2250
555 2603
555 2916
556 3012
557 1700
557 3961
558 1190
559 1017
560 2524
560 2805
561 1305
562 647
562 691
562 962
562 1061
562 1171
562 1267
562 1843
562 2282
562 2285
562 2377
562 2763
562 2865
562 3120
562 3144
562 3146
562 3191
562 3199
562 3517
562 3583
562 3630
562 4166
562 4185
562 4331
563 1722
563 3566
564 923
564 2038
564 2113
564 2794
565 4250
565 4296
566 609
566 751
566 3034
567 1492
567 1705
567 3551
568 3034
569 1516
569 1637
569 4296
570 1144
571 909
571 1017
571 1018
571 1056
571 1058
571 1081
571 1355
571 2256
571 2464
571 2752
571 2758
571 2826
571 3884
571 4354
572 1722
573 3557
573 3585
574 758
574 3034
575 1442
575 1551
575 2657
575 2681
575 2723
576 2237
576 2238
577 2582
578 619
578 4025
579 682
579 1384
579 2509
579 2515
579 2647
579 2818
580 3049
580 3114
580 3279
580 3517
580 3963
581 2060
582 3034
583 1181
583 2762
583 2971
583 3339
583 3395
584 1722
584 2226
584 3212
585 3034
586 1107
586 1206
586 1207
586 1208
586 1742
586 2916
586 3034
586 3299
586 3761
588 882
588 3929
589 1109
590 1305
590 4232
591 1722
593 909
594 2438
594 2726
595 1687
595 1688
595 3824
595 4141
596 4026
597 2173
598 1722
598 1737
598 2038
599 1719
600 1973
601 3034
602 2173
603 3137
604 805
604 1691
605 1510
606 882
608 3055
609 1305
610 1492
611 612
611 628
611 1003
611 2388
611 2661
611 2717
611 3004
611 3931
611 4323
612 1003
612 1194
612 1492
612 2345
612 2388
612 2392
612 2394
612 2696
612 3716
613 2209
614 750
614 912
614 1393
614 1445
614 1464
614 1558
614 1648
614 1687
614 2050
614 2348
614 2436
614 2524
614 2584
614 2651
614 2828
614 3034
614 3150
614 3208
614 3373
614 3440
614 3529
614 3542
614 3584
614 3811
614 3817
614 3830
614 3940
614 4037
614 4300
615 758
615 1305
616 2060
617 3046
619 883
619 2272
619 2392
619 2394
619 2731
619 3151
619 3578
619 4025
619 4075
620 1305
621 751
621 758
621 1308
621 1889
622 1722
622 2060
623 758
623 2331
624 758
625 2005
625 3396
626 758
626 1722
627 2401
627 2535
628 1143
628 2085
628 2360
628 2392
628 2394
628 2789
628 2849
628 3114
628 3903
628 4106
629 2363
629 3169
630 724
631 3034
631 3963
632 1321
632 1722
632 2060
632 2687
632 2938
632 3034
632 4110
633 1889
633 2123
634 1066
634 1422
634 2078
635 2376
635 2573
635 3358
635 3567
635 4198
636 2411
636 2720
637 982
637 2657
637 3836
638 920
638 1057
638 1242
638 1775
638 3000
639 2976
640 1835
640 2385
640 2794
641 1722
641 3034
643 3034
644 1492
645 805
645 1472
645 2707
646 3034
649 1797
649 3544
650 1615
650 2789
650 4335
651 758
651 1305
651 3195
652 1724
653 1889
653 2680
654 1637
655 899
655 1393
655 3610
655 4203
655 4316
656 939
656 3291
657 1144
657 1190
657 2895
658 1321
658 1722
659 2562
659 3174
660 758
660 794
662 712
662 1722
662 1737
662 1991
662 2038
662 3566
662 3821
663 1194
664 1637
665 1895
665 1989
665 4005
666 1194
667 3004
668 1207
668 2021
668 2553
669 977
669 1090
669 3129
669 3348
669 3894
670 712
671 3334
673 1194
674 2392
674 2394
675 1194
676 2304
676 2410
676 4221
677 3725
678 1253
679 1194
680 917
680 1372
680 1454
680 2344
680 2794
680 3034
680 3527
680 3994
681 1722
682 1875
683 1194
684 3124
684 3473
686 923
686 1826
686 2038
686 2113
686 2438
686 2794
687 864
688 717
689 717
689 3025
689 3373
689 3562
690 1418
691 3740
692 717
692 758
692 1144
693 3034
694 2914
695 712
695 1637
695 3673
696 3038
698 1889
698 2314
699 2038
700 1194
700 1492
701 1194
702 1194
703 714
703 1114
703 2524
703 3717
703 3740
703 3888
703 4085
704 806
704 1239
704 3647
704 4118
705 1442
706 1702
706 3479
706 4288
706 4354
707 712
707 1476
707 1722
707 1888
707 1991
707 2395
707 2438
707 3138
707 3299
707 3368
707 3566
707 3673
707 3789
707 4187
709 3211
710 1742
710 4275
711 2167
711 3034
711 3103
712 797
712 798
712 899
712 966
712 969
712 1085
712 1233
712 1239
712 1333
712 1343
712 1350
712 1390
712 1488
712 1539
712 1548
712 1561
712 1632
712 1635
712 1722
712 1735
712 1811
712 1813
712 1821
712 1824
712 1837
712 1854
712 1888
712 1930
712 1970
712 1991
712 2039
712 2053
712 2060
712 2082
712 2145
712 2158
712 2165
712 2170
712 2202
712 2216
712 2239
712 2372
712 2395
712 2445
712 2482
712 2487
712 2527
712 2559
712 2684
712 2710
712 2728
712 2737
712 2750
712 2911
712 3005
712 3043
712 3049
712 3085
712 3113
712 3234
712 3278
712 3299
712 3362
712 3387
712 3401
712 3417
712 3446
712 3456
712 3499
712 3566
712 3573
712 3584
712 3673
712 3688
712 3704
712 3810
712 3821
712 3825
712 3828
712 3835
712 3910
712 3927
712 3953
712 4023
712 4038
712 4076
712 4083
712 4151
712 4203
712 4262
712 4273
712 4299
712 4316
715 794
716 1217
716 2373
716 3577
717 730
717 747
717 751
717 758
717 769
717 775
717 779
717 792
717 830
717 879
717 964
717 976
717 1007
717 1292
717 1388
717 1426
717 1489
717 1492
717 1515
717 1573
717 1629
717 1630
717 1631
717 1632
717 1635
717 1646
717 1840
717 1876
717 1908
717 1917
717 2008
717 2065
717 2067
717 2103
717 2179
717 2282
717 2320
717 2402
717 2468
717 2503
717 2547
717 2605
717 2621
717 2632
717 2643
717 2705
717 2763
717 2765
717 2995
717 3033
717 3035
717 3210
717 3329
717 3336
717 3354
717 3444
717 3493
717 3524
717 3599
717 3641
717 3657
717 3676
717 3705
717 3733
717 3738
717 3771
717 3930
717 3986
717 4003
717 4006
717 4215
717 4232
717 4261
717 4356
719 809
719 1305
719 3244
720 1979
721 3919
723 758
724 1221
724 1442
724 1443
724 1447
724 3963
725 758
726 3429
726 3461
728 1703
728 1722
728 3931
729 1109
731 1215
733 747
733 2008
734 1194
735 882
735 1889
735 2391
735 3020
736 2060
737 1102
737 3740
737 4335
738 1076
738 1637
738 3456
738 4335
739 1889
740 848
741 3933
742 1979
743 787
743 814
743 984
743 1082
743 1431
743 1884
743 2183
743 2212
743 2247
743 2280
743 2460
743 2678
743 3279
743 3513
743 3804
743 4140
743 4354
744 4335
745 2963
746 3034
747 1393
747 1889
747 4335
748 1615
749 751
750 751
750 3817
751 813
751 826
751 940
751 943
751 1133
751 1138
751 1196
751 1238
751 1259
751 1361
751 1489
751 1534
751 1559
751 1632
751 1771
751 1883
751 2025
751 2164
751 2170
751 2265
751 2386
751 2427
751 2452
751 2502
751 2653
751 2724
751 2747
751 2774
751 2783
751 2907
751 2928
751 3119
751 3169
751 3186
751 3210
751 3406
751 3542
751 3600
751 3644
751 3697
751 3698
751 3705
751 3901
751 4217
751 4238
751 4325
752 1194
753 1017
753 1018
754 2438
755 957
755 2350
755 2958
755 3452
756 1260
756 1722
756 2040
757 1642
757 1690
757 3113
757 3963
758 764
758 792
758 828
758 830
758 833
758 839
758 847
758 915
758 916
758 961
758 970
758 973
758 1043
758 1048
758 1123
758 1198
758 1212
758 1241
758 1243
758 1246
758 1252
758 1257
758 1279
758 1305
758 1315
758 1358
758 1370
758 1398
758 1421
758 1489
758 1495
758 1630
758 1632
758 1635
758 1646
758 1705
758 1767
758 1799
758 1840
758 1852
758 1855
758 1901
758 1917
758 1956
758 1957
758 1983
758 1996
758 2008
758 2059
758 2064
758 2065
758 2104
758 2265
758 2341
758 2503
758 2504
758 2529
758 2547
758 2620
758 2763
758 2809
758 2827
758 2865
758 2908
758 2928
758 2954
758 2960
758 3035
758 3039
758 3071
758 3082
758 3117
758 3181
758 3205
758 3215
758 3257
758 3336
758 3352
758 3355
758 3377
758 3381
758 3428
758 3454
758 3493
758 3526
758 3539
758 3555
758 3573
758 3592
758 3675
758 3676
758 3705
758 3732
758 3740
758 3795
758 3809
758 3823
758 3830
758 3855
758 3863
758 3877
758 3971
758 3986
758 4006
758 4054
758 4087
758 4105
758 4131
758 4134
758 4178
758 4313
758 4351
760 2394
761 2488
761 2491
762 805
762 882
762 1194
762 1253
762 1338
762 1492
762 1774
762 1806
762 1902
762 1986
762 3046
762 3069
762 3929
762 4085
762 4335
765 1305
765 1889
765 2373
766 2303
767 1305
767 3208
768 3528
769 1444
769 2208
769 2908
769 3887
769 3888
770 854
770 2335
770 2438
770 2822
770 3103
770 3105
770 3108
770 3193
770 3394
770 3517
770 3766
770 4019
770 4029
771 1194
773 882
774 1194
774 1492
774 1737
774 2038
774 2560
775 2205
776 968
776 1384
776 1584
776 1789
776 3586
777 850
777 1229
777 1572
777 1889
777 2730
777 3146
778 1164
778 1492
778 2392
778 2394
779 1334
780 1395
781 1581
781 2015
781 2671
782 1321
782 1684
782 1685
782 1741
782 2015
782 2038
782 2753
782 3375
782 3669
783 1581
783 2671
783 4169
785 843
785 1066
785 1083
785 1273
785 2654
785 3453
785 3686
785 3888
786 1364
786 2393
786 3373
786 3591
787 1082
787 1719
787 2397
788 3361
788 3362
789 3113
789 3373
789 3888
789 4268
790 923
790 3740
790 3888
791 1316
792 964
792 1305
792 4335
793 1722
793 2127
793 2394
793 2555
793 2935
794 1375
794 1442
794 2335
795 939
795 1358
795 1635
795 2908
796 1936
797 1076
797 1102
797 1737
797 2038
797 2060
797 2135
797 2201
797 2438
797 3025
797 3113
797 3373
799 2060
800 1097
800 2765
800 3041
800 4070
801 1695
802 2916
803 3368
804 922
804 1047
804 1493
804 1742
804 1889
804 2251
804 2485
804 2713
804 2730
804 2760
804 3520
804 3663
804 3907
804 4241
805 922
805 1030
805 1194
805 1195
805 1196
805 1491
805 1492
805 2485
805 2713
805 2786
805 2813
805 2849
805 3336
805 3389
805 3661
805 3663
805 3785
806 843
806 844
806 2038
806 3562
806 3609
807 1033
807 1211
807 1719
807 1899
807 2147
807 2870
807 3719
807 4181
808 1194
809 1686
809 1889
809 2657
809 3338
809 3541
809 3710
810 2680
811 3034
812 1291
813 1722
813 3034
814 909
814 1291
814 1442
814 2335
814 2438
814 2555
814 2593
814 4019
815 882
815 1889
815 3230
815 3929
816 882
816 1889
816 3929
817 957
817 1889
818 1194
819 898
819 1398
819 2831
820 3887
821 1194
821 1492
821 4335
822 1889
822 2008
822 2657
823 2976
823 4242
824 1079
824 1080
824 1722
824 2545
824 4104
825 2895
827 2429
827 2763
827 3355
828 1117
828 1305
828 1781
828 1889
828 2060
829 1742
829 2756
829 3854
829 3979
830 1194
830 4335
831 2071
831 3090
831 3730
831 4367
832 2335
832 3055
833 2865
834 1305
835 1889
836 1899
837 3954
838 1194
838 1492
838 2370
838 2392
838 2394
838 3014
838 3143
838 4219
838 4260
840 3034
841 1492
842 1144
842 2789
843 844
843 1083
843 3104
844 1046
844 1083
844 1325
844 1407
845 2373
846 1340
846 1393
846 1889
847 1305
848 1588
848 2703
848 3373
848 3817
849 2205
849 3034
849 3213
850 855
850 1889
850 1967
850 2038
850 2205
850 2221
850 2609
850 2616
850 2617
850 2619
850 4350
851 855
851 1017
851 1036
851 1037
851 1718
851 1837
851 1884
851 1930
851 2142
851 2205
851 2220
851 2856
851 3037
851 3076
851 3113
851 3299
851 3373
851 3748
851 3874
851 4299
852 1320
852 1837
852 2610
852 2619
853 3034
854 1857
854 2609
854 3211
855 1156
855 1611
855 1826
855 1889
855 2205
855 2322
855 2490
855 2609
855 4203
856 3566
857 2789
858 1722
859 872
859 1492
859 3034
859 3931
860 1033
860 1064
860 1098
860 1194
860 1220
860 1449
860 1492
860 1710
860 2034
860 2144
860 3009
860 4091
861 4103
862 3034
863 1889
864 2759
864 2789
864 4033
865 3299
866 1660
867 3042
868 2060
869 1722
870 2499
871 3034
872 876
872 1237
872 3045
872 3550
872 4027
873 2991
874 1492
875 2060
875 2713
875 4219
876 922
876 990
876 1572
876 1848
876 1889
876 2063
876 2597
876 3112
876 3286
876 3722
876 4244
876 4245
876 4248
877 1722
878 3566
879 2789
880 2895
880 4307
881 1722
881 2060
882 1042
882 1194
882 1218
882 1329
882 1722
882 1889
882 2469
882 2485
882 2850
882 3018
882 3056
882 3152
882 3230
882 3405
882 3496
882 3497
882 3498
882 3866
883 1492
885 1305
886 4322
887 1194
889 909
889 2335
890 2392
890 2394
890 3034
891 4029
892 3042
893 1492
894 2376
895 1905
896 3566
897 1299
897 1722
897 3198
899 966
899 1811
899 2586
899 2911
899 3278
899 3584
899 3927
899 4262
901 3034
902 2756
903 1145
903 2527
903 2570
903 3123
903 3573
904 1072
905 3801
906 2060
907 3014
908 2070
908 2522
908 2735
908 2864
908 3705
908 3843
909 1009
909 1017
909 1056
909 1355
909 1671
909 2056
909 2092
909 2206
909 2256
909 2280
909 2826
909 3034
909 3211
909 3804
909 3884
909 3886
909 3894
909 3926
909 4285
909 4288
909 4354
910 2429
910 3355
911 4237
912 1837
913 2654
914 975
914 1049
914 1275
914 1889
914 2289
914 2373
914 2485
914 2770
914 2924
914 2956
914 3244
914 3310
914 3337
914 4066
915 1889
917 1041
917 1066
917 1082
917 1155
917 1375
917 1442
917 1642
917 1889
917 1967
917 2046
917 2073
917 2198
917 2200
917 2201
917 2438
917 2640
917 2901
917 3174
917 3411
917 3517
917 3960
917 3963
917 3969
917 4268
918 1889
918 3517
918 4166
919 1118
919 1121
919 1122
919 2536
920 1775
920 1889
920 2219
920 3000
921 2473
922 1253
922 1806
922 2243
922 2251
922 2485
922 2886
922 2924
922 4311
923 1016
923 1066
923 1443
923 1675
923 1711
923 2206
923 2358
923 3144
923 3204
923 3589
923 3645
923 3888
923 3903
925 3034
926 1889
926 2020
926 2201
926 3199
926 3963
926 3965
926 3966
927 1194
928 1442
928 2585
928 2586
928 4361
929 1989
930 1764
931 3034
932 1143
933 1949
934 2820
934 3517
934 4194
935 968
935 1014
935 1407
935 1834
935 1889
935 2176
935 2459
935 2509
935 2515
935 2516
935 2523
935 2647
935 2656
935 2880
935 3018
935 3101
935 3582
935 3862
936 1014
936 1274
936 1889
936 2459
936 2499
936 2509
936 2647
936 3159
936 3582
936 4282
937 1155
937 2303
937 3034
937 3765
937 4129
938 3144
938 3146
938 3856
939 968
939 994
939 1067
939 1274
939 1348
939 1358
939 1393
939 1407
939 1599
939 1608
939 1635
939 1834
939 1889
939 1946
939 1957
939 2008
939 2055
939 2157
939 2176
939 2212
939 2248
939 2259
939 2332
939 2398
939 2459
939 2485
939 2499
939 2509
939 2515
939 2647
939 2682
939 2762
939 2763
939 2880
939 2908
939 3018
939 3066
939 3159
939 3174
939 3194
939 3284
939 3355
939 3676
939 3823
939 3830
939 3862
939 3977
939 3979
939 4056
939 4098
939 4114
939 4282
939 4292
940 1664
941 2569
942 1330
942 3046
944 2808
945 1645
945 2789
946 1330
947 1154
948 1154
948 1722
948 3668
949 2810
950 4335
951 3566
952 2696
953 1302
953 3504
953 3505
953 3543
954 3846
955 1897
955 3789
955 3817
955 4225
957 1107
957 1194
957 1205
957 1208
957 2522
957 2735
957 2751
957 3107
957 3460
957 3461
957 4158
958 3034
958 3789
959 3113
959 3373
960 3705
961 4335
962 1144
963 1623
964 1194
964 1385
964 1407
964 1630
964 1635
964 1646
964 1847
964 1917
964 2008
964 2059
964 2065
964 2503
964 2547
964 2763
964 3035
964 3117
964 3354
964 3355
964 3428
964 3676
964 4006
965 3969
966 2911
966 3278
966 3299
966 3673
966 4316
967 1042
967 1889
967 3691
967 4166
968 1393
968 1889
968 1946
968 2756
968 2814
968 2880
968 3018
968 3862
969 2149
969 3566
971 4017
971 4019
972 2816
973 1722
974 3024
975 4279
977 1610
977 1722
977 3034
978 1722
978 3961
978 4335
979 2122
980 2789
981 3034
983 2879
983 2880
984 3517
985 2202
986 1066
986 1392
986 1588
986 1718
986 2952
986 3581
986 3969
987 1967
988 3034
989 1305
989 3566
989 3789
990 999
990 1424
990 1572
990 1579
990 1889
990 3034
990 3144
991 1267
992 3211
992 3276
993 1305
993 2392
993 2394
994 4166
995 1889
996 1494
996 1963
996 2373
996 2485
996 2887
996 2891
998 1194
999 1147
999 2293
999 2808
999 3225
1000 3034
1001 3034
1002 3212
1004 2657
1004 2723
1005 1194
1006 2591
1008 1194
1009 1722
1009 2335
1009 2555
1009 4019
1010 4266
1012 3566
1013 2502
1014 1079
1014 1274
1014 1889
1014 2499
1014 2509
1014 2515
1014 2647
1014 3283
1014 3582
1014 3587
1015 2815
1016 1535
1016 1889
1016 2004
1016 3147
1016 3243
1016 3244
1016 3373
1016 4181
1017 1056
1017 1058
1017 1454
1017 1492
1017 2080
1017 2256
1017 2464
1017 2555
1017 2593
1017 2650
1017 2752
1017 2758
1017 2787
1017 3148
1017 3525
1017 3874
1017 3881
1017 3882
1017 3884
1017 3886
1017 4189
1018 1056
1018 1058
1018 2080
1018 2256
1018 2464
1018 2555
1018 2752
1018 2758
1018 3881
1018 3882
1018 3884
1018 3886
1018 4189
1019 2597
1020 2358
1020 3982
1021 1722
1022 2976
1023 3034
1024 2610
1024 2619
1026 2313
1026 2609
1026 2616
1026 2617
1026 2619
1027 3034
1029 1492
1029 2789
1030 2908
1030 3386
1031 3389
1032 2060
1033 1450
1033 1492
1033 2813
1033 2817
1033 3046
1033 3903
1033 4265
1033 4296
1034 1392
1034 2235
1034 2592
1034 3006
1034 3113
1034 3114
1034 3373
1034 3494
1034 3634
1034 3791
1034 4090
1035 1598
1035 1829
1035 1890
1035 4026
1035 4082
1036 1722
1036 1991
1036 2060
1036 2856
1036 3113
1036 3299
1036 3566
1036 3835
1037 1991
1037 2856
1037 3081
1037 3566
1038 4196
1039 3919
1040 1194
1042 2891
1042 4297
1044 2561
1044 2601
1045 3034
1046 1083
1046 2046
1046 4080
1047 2333
1047 2689
1047 2690
1047 2691
1050 1722
1050 1991
1050 3321
1050 3566
1051 1228
1052 1329
1053 2485
1053 4208
1054 1320
1055 2060
1056 2080
1056 2555
1056 2593
1057 3000
1061 3034
1062 1305
1063 1368
1063 2804
1063 4048
1064 1368
1064 2789
1064 4048
1064 4265
1064 4296
1066 1086
1066 1087
1066 1307
1066 1460
1066 1601
1066 1718
1066 1737
1066 1828
1066 1889
1066 1946
1066 2039
1066 2509
1066 2617
1066 2779
1066 2820
1066 2901
1066 3114
1066 3204
1066 3413
1066 3420
1066 3457
1066 3629
1066 3630
1066 3888
1066 3969
1067 2509
1068 3664
1068 3919
1069 2789
1070 4346
1071 2485
1072 1460
1072 1867
1072 1889
1072 1979
1072 2833
1072 2835
1072 3933
1072 4296
1074 1722
1074 3034
1075 3174
1076 1633
1076 1635
1076 1667
1076 1706
1076 2153
1076 2400
1076 2708
1076 2806
1076 2928
1076 2990
1076 3117
1076 3181
1076 3343
1076 3428
1076 3493
1076 3626
1076 3700
1076 3853
1076 4120
1076 4298
1076 4302
1077 1194
1078 1234
1078 1615
1079 1583
1079 3622
1080 2545
1081 1897
1081 2265
1082 1826
1082 3276
1082 3306
1082 4140
1083 1273
1083 1884
1083 1967
1083 3629
1084 1131
1085 1213
1085 1568
1085 1803
1085 2021
1085 2746
1085 3027
1085 3144
1085 3146
1085 3262
1085 3357
1085 3363
1085 3521
1085 3673
1085 3690
1085 3719
1085 3761
1085 4200
1085 4335
1085 4364
1086 2493
1086 2748
1086 2876
1086 3346
1086 3921
1086 3969
1087 1610
1087 1818
1087 3113
1087 3114
1088 2084
1089 3878
1090 1309
1090 1591
1090 1616
1090 1722
1090 1826
1090 2593
1090 3415
1091 1492
1092 3740
1093 1722
1094 1305
1095 3629
1096 1733
1097 2128
1097 4184
1098 2401
1098 2535
1098 4265
1098 4296
1099 1194
1100 1305
1100 4335
1101 1492
1101 3034
1102 1168
1102 1489
1102 1635
1102 2393
1102 2609
1102 2616
1102 2617
1102 3568
1102 3591
1104 2694
1104 2816
1105 1194
1106 2060
1107 1205
1107 2522
1107 3107
1107 3456
1107 3460
1107 3461
1107 3915
1108 1305
1110 1721
1111 1722
1113 4335
1114 3571
1115 1889
1116 2994
1116 3305
1116 3309
1117 1333
1117 1401
1118 3305
1119 1194
1121 3808
1122 3808
1123 1305
1124 1991
1124 2060
1124 2135
1124 2335
1124 2522
1124 3852
1125 1722
1125 2438
1125 3034
1125 4342
1126 3190
1127 1442
1127 3965
1129 2473
1129 2844
1130 1722
1131 1541
1131 3024
1132 1314
1132 1316
1132 3182
1134 4335
1135 1262
1135 1301
1135 2901
1135 3073
1135 3585
1136 3394
1137 3725
1138 3406
1139 3895
1140 1210
1141 3034
1142 2060
1142 3034
1143 1285
1143 2313
1143 2337
1143 2424
1143 2870
1143 4034
1144 1150
1144 1223
1144 1283
1144 1291
1144 1617
1144 1672
1144 1739
1144 1752
1144 1909
1144 1947
1144 1993
1144 2009
1144 2030
1144 2055
1144 2126
1144 2139
1144 2156
1144 2228
1144 2232
1144 2367
1144 2486
1144 2497
1144 2644
1144 2648
1144 2652
1144 2846
1144 2865
1144 2923
1144 2944
1144 3017
1144 3054
1144 3153
1144 3160
1144 3162
1144 3163
1144 3187
1144 3221
1144 3249
1144 3250
1144 3362
1144 3367
1144 3572
1144 3583
1144 3765
1144 3778
1144 3976
1144 3977
1144 4148
1144 4158
1144 4160
1144 4200
1144 4243
1144 4331
1145 2560
1145 3123
1146 2123
1146 2622
1148 1611
1148 3736
1149 1271
1149 3931
1151 1225
1151 1358
1151 1968
1151 3773
1152 3034
1153 1271
1153 3931
1154 1322
1154 3034
1155 3328
1155 4187
1156 3764
1157 1163
1158 2895
1159 2060
1160 1319
1160 3885
1161 3772
1162 1497
1162 3034
1162 3283
1162 3290
1163 2593
1163 3086
1163 3479
1163 3637
1164 1220
1164 1271
1164 2392
1164 2394
1164 3931
1165 2593
1165 3637
1166 1785
1166 1936
1167 1237
1167 1889
1167 2485
1168 2780
1168 3105
1168 3503
1168 3568
1168 4030
1169 2485
1170 1660
1170 1899
1170 2053
1170 2448
1170 2524
1170 2577
1170 2946
1170 2992
1170 3103
1170 3888
1171 1492
1172 1889
1172 2522
1172 2656
1172 2865
1172 3269
1172 3420
1173 2313
1173 2376
1173 2609
1173 2616
1173 2617
1173 4204
1173 4335
1174 2060
1175 2345
1175 3551
1175 3812
1175 3885
1176 3034
1177 1194
1178 2060
1179 1897
1179 2438
1180 2763
1182 1719
1183 1889
1184 1194
1185 3034
1186 1305
1187 2789
1188 1194
1188 2251
1188 2485
1188 2908
1188 3224
1188 3773
1188 4277
1189 1792
1189 2877
1190 2895
1190 3050
1191 2060
1192 1194
1193 1419
1194 1195
1194 1196
1194 1201
1194 1222
1194 1235
1194 1250
1194 1256
1194 1302
1194 1338
1194 1339
1194 1346
1194 1356
1194 1363
1194 1377
1194 1378
1194 1387
1194 1404
1194 1415
1194 1420
1194 1445
1194 1492
1194 1498
1194 1500
1194 1563
1194 1582
1194 1593
1194 1612
1194 1619
1194 1620
1194 1668
1194 1677
1194 1750
1194 1756
1194 1758
1194 1765
1194 1800
1194 1806
1194 1808
1194 1812
1194 1817
1194 1866
1194 1902
1194 1909
1194 1931
1194 1948
1194 1983
1194 1988
1194 1997
1194 2068
1194 2088
1194 2125
1194 2148
1194 2153
1194 2159
1194 2190
1194 2194
1194 2197
1194 2225
1194 2227
1194 2237
1194 2238
1194 2254
1194 2265
1194 2279
1194 2286
1194 2300
1194 2327
1194 2335
1194 2355
1194 2357
1194 2361
1194 2415
1194 2465
1194 2466
1194 2484
1194 2485
1194 2503
1194 2511
1194 2518
1194 2575
1194 2581
1194 2588
1194 2600
1194 2601
1194 2625
1194 2645
1194 2661
1194 2662
1194 2663
1194 2683
1194 2706
1194 2722
1194 2727
1194 2757
1194 2763
1194 2764
1194 2773
1194 2788
1194 2795
1194 2955
1194 2959
1194 2974
1194 2981
1194 2988
1194 3003
1194 3007
1194 3008
1194 3040
1194 3046
1194 3047
1194 3051
1194 3132
1194 3145
1194 3208
1194 3228
1194 3229
1194 3236
1194 3256
1194 3270
1194 3283
1194 3292
1194 3303
1194 3311
1194 3329
1194 3330
1194 3331
1194 3351
1194 3377
1194 3384
1194 3403
1194 3435
1194 3450
1194 3455
1194 3508
1194 3514
1194 3548
1194 3554
1194 3560
1194 3569
1194 3574
1194 3579
1194 3595
1194 3614
1194 3620
1194 3658
1194 3661
1194 3675
1194 3724
1194 3734
1194 3740
1194 3743
1194 3792
1194 3799
1194 3819
1194 3823
1194 3831
1194 3832
1194 3872
1194 3911
1194 3913
1194 3929
1194 3936
1194 3973
1194 4038
1194 4047
1194 4055
1194 4062
1194 4096
1194 4180
1194 4183
1194 4191
1194 4213
1194 4265
1194 4289
1194 4293
1194 4296
1194 4298
1194 4340
1194 4345
1194 4363
1195 1338
1195 1492
1195 1902
1195 2466
1195 3046
1196 1338
1196 1492
1196 1902
1196 2789
1196 3046
1196 3128
1196 3740
1196 3929
1196 4335
1197 3076
1199 1305
1199 3034
1200 1842
1202 1889
1202 3531
1203 1321
1203 1722
1204 1637
1205 1889
1205 2478
1205 2553
1205 3146
1205 3373
1205 3461
1205 3761
1206 1637
1206 3460
1206 3461
1206 3761
1207 1248
1207 1294
1207 1298
1207 1745
1207 3144
1207 3146
1207 3460
1207 3761
1208 1568
1208 2916
1208 3144
1208 3373
1208 3397
1208 3460
1208 3761
1208 3763
1209 2886
1210 1903
1211 2147
1211 2594
1211 2870
1212 1305
1212 3705
1213 2119
1213 3710
1214 2303
1215 3034
1215 3146
1215 3204
1216 4335
1218 2005
1219 1330
1219 1645
1219 2595
1219 2601
1219 4159
1220 1224
1220 1592
1220 1899
1220 2195
1220 2394
1220 3888
1220 3937
1220 4028
1220 4265
1220 4318
1220 4319
1220 4346
1221 1968
1221 2397
1224 1592
1224 2195
1224 3659
1224 3988
1224 4028
1224 4265
1224 4318
1224 4319
1225 1558
1225 1735
1225 1991
1225 2038
1225 2060
1225 3034
1225 3373
1225 4038
1226 3517
1228 3024
1229 3578
1231 1446
1232 1991
1232 2789
1232 3888
1233 2038
1234 1748
1234 2740
1234 3615
1234 3616
1236 2789
1237 1550
1237 1889
1237 2373
1237 2485
1237 2816
1237 3013
1237 3069
1237 3144
1237 3244
1237 3578
1239 1722
1239 1888
1239 2127
1239 2317
1239 2395
1239 2438
1239 3034
1239 3299
1240 1305
1240 2657
1241 1889
1241 2803
1242 1889
1242 2219
1243 1889
1244 2723
1244 3034
1245 1885
1245 1886
1245 2723
1246 1889
1247 1722
1247 3566
1248 1320
1248 1722
1248 2735
1248 2759
1249 2755
1251 3244
1252 1889
1253 1670
1253 2349
1253 2392
1253 2394
1253 2485
1253 2886
1253 2997
1253 3218
1253 3340
1253 3574
1253 3577
1253 3607
1253 3943
1254 4335
1255 1560
1255 4327
1257 2060
1257 3631
1258 1492
1258 3709
1260 1538
1260 2122
1260 2511
1260 3517
1260 3947
1261 1903
1262 1719
1262 1722
1262 1889
1262 2078
1262 4069
1264 3034
1265 1889
1265 1946
1265 2120
1266 2789
1267 2199
1268 2391
1268 3006
1268 3017
1268 3527
1269 1538
1269 1680
1269 1722
1269 1889
1269 2733
1271 2392
1271 2572
1271 2580
1273 3025
1274 1511
1274 1571
1274 1587
1274 1834
1274 1889
1274 1960
1274 2060
1274 2177
1274 2259
1274 2499
1274 2515
1274 2713
1274 2880
1274 4282
1275 1809
1275 3627
1275 4335
1276 2060
1277 1722
1277 3034
1278 2416
1280 2895
1281 4296
1282 1735
1282 3123
1284 1722
1284 2060
1284 3566
1285 1722
1285 2202
1285 2394
1285 2918
1285 4218
1286 2164
1286 2488
1286 2491
1287 1475
1288 4079
1290 2520
1290 3034
1291 1938
1291 1939
1291 1940
1291 2073
1291 2280
1291 2322
1291 2375
1291 2977
1291 4354
1293 1687
1293 2335
1294 1974
1294 3894
1294 4361
1295 1358
1295 2394
1296 1462
1296 3088
1297 4361
1299 2039
1299 2079
1299 2598
1299 2599
1300 1883
1301 1735
1301 1883
1301 2569
1301 4104
1302 1889
1302 2891
1302 3113
1303 2533
1304 3037
1305 1308
1305 1310
1305 1315
1305 1347
1305 1380
1305 1388
1305 1398
1305 1409
1305 1431
1305 1437
1305 1462
1305 1478
1305 1489
1305 1513
1305 1549
1305 1554
1305 1557
1305 1577
1305 1590
1305 1625
1305 1629
1305 1630
1305 1632
1305 1633
1305 1635
1305 1646
1305 1681
1305 1682
1305 1731
1305 1742
1305 1790
1305 1807
1305 1845
1305 1872
1305 1884
1305 1917
1305 1921
1305 1976
1305 1981
1305 2008
1305 2036
1305 2059
1305 2065
1305 2067
1305 2087
1305 2099
1305 2102
1305 2219
1305 2242
1305 2249
1305 2260
1305 2278
1305 2308
1305 2433
1305 2445
1305 2450
1305 2503
1305 2529
1305 2533
1305 2541
1305 2543
1305 2544
1305 2547
1305 2568
1305 2626
1305 2634
1305 2637
1305 2674
1305 2719
1305 2734
1305 2742
1305 2760
1305 2762
1305 2763
1305 2773
1305 2784
1305 2809
1305 2841
1305 2855
1305 2865
1305 2904
1305 2908
1305 2960
1305 2979
1305 3035
1305 3048
1305 3067
1305 3074
1305 3097
1305 3099
1305 3117
1305 3121
1305 3169
1305 3181
1305 3214
1305 3233
1305 3237
1305 3297
1305 3298
1305 3336
1305 3344
1305 3350
1305 3352
1305 3355
1305 3360
1305 3385
1305 3391
1305 3428
1305 3449
1305 3476
1305 3478
1305 3556
1305 3597
1305 3642
1305 3655
1305 3676
1305 3705
1305 3715
1305 3740
1305 3756
1305 3784
1305 3786
1305 3821
1305 3833
1305 3868
1305 3901
1305 3907
1305 3927
1305 3941
1305 3974
1305 3986
1305 3991
1305 4003
1305 4006
1305 4053
1305 4078
1305 4113
1305 4117
1305 4146
1305 4149
1305 4243
1305 4261
1305 4264
1305 4284
1305 4333
1305 4362
1306 3034
1307 3969
1308 1889
1308 2759
1308 3258
1308 3355
1310 4232
1311 1889
1311 2813
1311 2817
1312 3204
1313 2759
1313 2789
1313 4033
1315 2060
1315 2499
1316 2833
1316 3429
1316 3482
1316 3903
1317 1321
1317 2060
1318 1637
1318 3705
1318 4335
1319 3885
1320 2612
1320 2615
1320 2910
1320 2930
1320 3034
1320 3144
1320 3146
1321 1470
1321 1722
1321 1746
1321 1883
1321 1889
1321 1991
1321 2015
1321 2060
1321 2078
1321 2593
1321 3113
1321 3373
1321 3888
1321 4104
1322 1722
1322 3034
1323 1889
1323 2833
1323 3112
1323 3146
1324 3034
1325 1453
1325 1722
1325 2593
1325 3104
1326 1336
1326 1477
1326 1687
1326 1688
1326 1930
1326 2160
1326 2335
1326 2964
1326 3798
1326 3824
1326 3917
1326 4103
1326 4141
1328 1889
1329 1889
1329 1955
1329 2275
1329 2392
1329 2394
1329 3144
1329 3929
1329 3933
1329 4128
1330 1732
1330 2516
1330 2717
1330 3034
1330 3158
1330 3280
1330 3517
1331 3164
1332 2438
1332 3034
1333 2816
1333 3247
1333 4262
1334 1417
1334 1564
1334 1722
1334 1815
1334 3894
1335 3931
1335 3933
1336 4141
1338 1492
1340 1889
1341 3800
1342 2060
1343 3034
1344 4335
1345 3034
1348 1889
1348 1919
1348 2880
1349 2838
1349 4005
1350 3034
1350 3963
1352 4335
1353 1722
1354 3034
1354 3817
1355 2555
1357 4103
1358 4022
1359 3034
1360 2392
1360 2394
1360 3931
1361 3034
1362 3034
1363 3740
1363 4335
1364 1396
1364 1443
1364 1447
1364 1889
1364 1968
1364 2008
1364 2206
1364 2866
1365 2303
1366 1574
1366 1853
1368 2040
1368 2606
1368 3026
1369 1809
1370 1697
1370 3676
1371 1544
1371 2617
1373 3034
1374 3034
1375 4046
1375 4163
1375 4354
1377 1899
1377 2234
1377 2392
1377 2394
1377 2802
1377 2886
1377 3109
1377 3888
1377 4151
1377 4243
1378 1492
1378 2126
1378 2276
1378 2958
1378 3909
1379 1442
1379 2681
1382 1889
1383 2008
1384 1875
1384 1889
1384 3604
1386 2008
1388 1722
1388 3705
1388 4239
1388 4335
1389 1722
1391 2060
1392 1588
1392 1722
1392 1967
1392 2816
1392 3349
1393 1773
1393 1781
1393 1889
1393 1946
1393 2055
1393 2057
1393 2186
1393 2212
1393 2219
1393 2641
1393 2665
1393 2692
1393 2789
1393 2813
1393 2817
1393 2828
1393 3126
1393 3586
1393 3610
1393 3633
1393 3916
1394 1857
1394 2577
1396 1581
1396 2035
1396 2389
1396 2671
1396 2678
1396 2782
1396 3407
1396 3413
1396 3714
1396 3915
1398 3705
1399 1499
1400 3295
1402 3034
1403 1953
1403 3288
1404 1492
1405 1650
1405 1889
1405 2172
1405 2502
1405 3834
1405 4093
1406 4115
1407 3474
1407 3640
1407 3919
1408 3362
1410 2123
1411 2656
1412 2392
1412 2394
1413 2712
1413 3619
1413 4066
1414 3740
1416 4335
1419 3563
1420 1492
1420 2394
1421 1440
1423 1505
1427 2976
1428 4335
1429 1637
1431 2901
1431 4176
1432 2436
1433 3505
1434 3034
1435 4335
1436 4335
1438 4335
1439 3917
1440 1737
1440 2038
1440 3034
1441 4103
1442 1506
1442 1551
1442 1719
1442 1857
1442 2053
1442 2269
1442 2271
1442 2280
1442 2426
1442 2591
1442 2681
1442 2712
1442 2880
1442 3025
1442 3284
1442 3479
1442 3562
1442 3618
1442 3695
1442 3894
1442 4090
1442 4133
1442 4354
1443 3025
1443 3562
1444 1449
1444 2789
1444 3678
1444 3687
1444 4278
1445 1722
1445 3644
1445 4119
1446 2274
1446 2365
1446 2473
1446 4300
1447 1967
1447 2389
1447 2982
1447 3025
1447 3137
1447 3210
1447 3768
1448 3740
1449 1722
1449 2275
1449 2707
1449 2888
1449 3230
1449 4195
1449 4265
1449 4278
1449 4296
1450 1496
1450 1814
1450 1881
1450 2320
1450 2392
1450 2394
1450 3578
1450 3631
1450 3759
1450 3987
1451 2537
1452 3149
1454 1967
1455 1537
1455 3137
1455 4084
1456 1722
1456 4166
1458 2844
1458 3759
1459 1737
1459 2038
1460 1503
1460 1676
1462 4232
1462 4335
1463 1975
1463 3263
1463 4179
1465 3224
1466 1611
1467 2335
1467 3034
1468 1722
1468 1900
1468 2851
1469 4296
1470 2053
1470 2759
1471 1492
1472 1492
1473 2265
1474 2465
1476 1719
1476 1967
1476 3138
1476 3789
1476 4028
1477 1687
1477 1688
1477 2499
1477 3824
1477 4141
1479 1953
1480 4335
1482 2220
1483 2789
1484 2294
1485 1749
1485 1889
1485 3744
1485 3985
1485 4335
1486 2213
1487 4335
1488 2584
1488 3034
1488 3334
1488 3566
1488 3821
1488 4203
1489 1492
1489 3681
1489 3705
1489 4103
1490 1967
1490 2038
1490 2216
1490 3034
1490 3113
1490 3368
1490 3373
1490 3632
1490 3807
1490 3969
1491 2511
1491 3046
1491 3710
1491 3740
1491 3929
1492 1556
1492 1582
1492 1595
1492 1632
1492 1634
1492 1650
1492 1740
1492 1752
1492 1757
1492 1758
1492 1777
1492 1806
1492 1812
1492 1835
1492 1841
1492 1858
1492 1863
1492 1873
1492 1913
1492 2002
1492 2008
1492 2010
1492 2039
1492 2097
1492 2126
1492 2131
1492 2184
1492 2211
1492 2230
1492 2236
1492 2238
1492 2276
1492 2282
1492 2292
1492 2305
1492 2345
1492 2465
1492 2544
1492 2597
1492 2605
1492 2638
1492 2662
1492 2663
1492 2727
1492 2757
1492 2762
1492 2830
1492 2849
1492 2865
1492 2967
1492 2988
1492 3016
1492 3046
1492 3060
1492 3069
1492 3074
1492 3144
1492 3145
1492 3171
1492 3172
1492 3231
1492 3257
1492 3277
1492 3304
1492 3307
1492 3330
1492 3331
1492 3336
1492 3350
1492 3366
1492 3459
1492 3471
1492 3518
1492 3522
1492 3535
1492 3556
1492 3574
1492 3611
1492 3622
1492 3676
1492 3739
1492 3740
1492 3749
1492 3755
1492 3775
1492 3780
1492 3799
1492 3823
1492 3828
1492 3850
1492 4242
1492 4264
1492 4265
1492 4283
1492 4296
1492 4335
1492 4340
1492 4348
1493 1536
1493 2470
1493 2485
1493 2697
1493 3803
1493 3933
1493 4206
1494 1594
1494 2335
1496 2054
1499 1516
1501 3740
1502 3034
1503 1722
1503 4296
1505 3371
1506 1611
1506 1826
1506 3174
1506 3634
1509 4167
1512 3034
1517 1524
1517 2258
1518 1889
1518 2353
1520 1960
1520 2253
1520 2259
1520 2499
1521 1857
1521 3006
1522 4335
1523 1989
1525 1991
1526 1616
1526 3193
1526 3798
1527 2280
1527 2880
1527 3341
1527 4046
1527 4354
1528 3034
1529 3261
1529 3263
1530 3512
1530 4223
1532 2467
1533 2267
1536 2485
1537 2476
1537 2718
1537 3630
1537 4084
1538 1889
1538 3629
1540 1722
1542 3263
1543 2573
1544 2573
1545 3362
1546 1722
1547 2392
1547 2394
1548 2911
1548 3446
1548 3673
1550 3730
1551 2053
1551 2511
1551 2681
1551 3284
1551 3517
1551 3585
1551 3695
1551 3947
1551 4133
1551 4246
1552 1651
1556 2801
1558 1722
1558 1735
1558 4017
1559 2164
1559 3146
1559 4211
1560 1722
1560 1889
1560 1982
1560 2833
1560 4327
1562 1889
1562 2638
1562 2657
1564 1721
1564 3034
1565 2976
1567 1967
1567 2348
1567 3025
1569 2056
1569 3963
1569 4074
1569 4077
1570 2366
1571 1599
1571 1875
1571 1990
1571 2259
1571 2515
1571 2820
1571 2825
1571 3077
1572 1889
1572 2100
1572 2251
1572 2716
1572 3125
1572 3144
1572 3146
1572 3384
1572 3389
1572 3392
1572 3456
1572 3459
1572 3461
1572 4330
1574 1853
1574 4072
1575 2394
1576 3585
1578 3362
1579 2251
1579 3144
1579 3517
1579 3726
1580 1626
1581 2073
1581 2671
1581 3589
1581 3915
1582 4335
1583 1833
1583 1889
1583 2512
1583 2850
1583 3263
1583 3290
1584 2108
1584 2186
1584 3586
1585 3113
1585 3373
1586 2209
1587 2509
1587 2515
1587 2647
1588 1687
1588 2671
1588 2832
1588 3349
1588 3373
1588 3926
1588 4194
1589 3126
1591 1611
1591 1675
1591 2280
1591 2593
1591 2753
1591 3211
1591 3479
1591 3637
1594 1719
1594 2212
1594 2264
1594 2265
1594 2375
1594 3234
1594 3306
1594 3894
1594 4354
1596 2060
1596 3034
1597 1637
1599 2515
1599 2825
1600 3917
1601 1609
1601 1610
1601 1641
1601 1880
1601 2198
1601 2259
1601 2675
1601 2794
1601 3034
1601 3243
1601 3244
1601 3645
1601 4087
1601 4279
1602 3637
1602 4016
1603 4025
1604 1722
1604 3046
1605 2687
1605 2938
1606 2060
1607 1722
1607 1991
1607 3566
1608 1722
1610 1889
1610 2813
1610 3521
1610 4102
1611 1825
1611 2038
1611 2745
1611 2780
1611 2843
1611 3413
1611 4089
1613 3034
1614 4099
1615 1627
1615 1748
1615 1843
1615 2184
1615 2740
1615 2962
1615 3615
1615 3616
1615 3617
1615 4195
1615 4312
1616 2003
1616 2214
1616 2389
1616 3267
1616 3280
1616 3947
1618 1889
1618 1967
1618 3760
1618 4166
1621 1889
1621 3802
1622 4323
1623 2374
1624 3244
1624 4181
1625 2303
1625 2335
1625 2438
1625 3193
1626 1889
1627 3615
1628 3034
1630 3705
1630 4232
1632 1737
1632 2038
1632 2455
1632 2839
1632 3705
1632 3821
1632 3931
1632 4335
1633 2392
1633 2394
1635 1637
1635 2064
1635 2455
1635 2945
1635 3012
1635 3014
1635 3705
1635 4335
1636 3034
1637 1847
1637 1851
1637 1991
1637 2008
1637 2013
1637 2021
1637 2093
1637 2257
1637 2472
1637 2582
1637 2874
1637 2950
1637 3077
1637 3299
1637 3460
1637 3480
1637 3662
1637 3688
1637 3823
1637 3835
1637 3951
1637 4365
1637 4368
1638 2849
1638 3477
1639 4335
1640 3336
1641 1889
1641 3448
1641 3950
1642 1722
1642 2982
1642 3111
1643 3725
1644 2303
1645 2423
1645 3223
1647 1825
1649 3931
1651 2236
1652 3034
1653 1889
1654 2499
1655 3034
1656 2241
1656 2280
1656 4352
1657 4296
1658 4243
1659 1744
1659 3042
1659 3328
1660 2546
1660 2857
1660 3934
1660 4243
1661 1742
1662 2325
1663 2473
1664 1889
1665 2789
1666 3434
1667 3034
1669 2485
1669 2690
1669 2886
1669 3995
1670 3174
1671 2335
1671 2438
1671 2555
1671 4019
1671 4075
1671 4150
1673 3127
1673 4156
1674 2656
1675 1880
1675 2593
1679 2060
1680 1889
1680 3213
1680 3373
1680 3609
1683 1991
1683 3566
1685 1735
1685 3714
1686 2657
1687 1735
1687 1930
1687 2160
1687 2391
1687 2584
1687 2603
1687 2655
1687 2789
1687 2847
1687 2964
1687 3025
1687 3161
1687 3349
1687 3373
1687 3527
1687 3824
1687 4141
1687 4299
1688 1930
1688 2964
1688 3824
1688 4141
1689 2506
1689 2786
1690 3034
1692 2008
1693 3000
1693 3566
1694 1936
1694 3034
1696 1936
1696 4166
1698 1919
1698 2015
1698 2048
1698 2656
1698 2723
1698 2879
1698 2880
1699 2438
1700 1889
1701 2392
1701 2394
1702 2335
1702 2438
1703 2602
1703 2684
1703 3461
1704 4038
1705 3922
1707 2687
1707 2938
1708 3194
1710 4265
1710 4296
1711 3757
1712 2438
1713 2593
1715 3629
1716 1722
1716 4103
1717 1897
1717 4225
1718 1719
1718 1722
1718 3296
1718 3630
1718 3631
1719 2110
1719 2198
1719 2336
1719 2395
1719 2397
1719 2436
1719 2437
1719 2438
1719 2513
1719 2676
1719 2901
1719 2935
1719 3011
1719 3025
1719 3037
1719 3238
1719 3386
1719 3413
1719 3422
1719 3446
1719 3517
1719 3527
1719 3736
1719 3888
1719 3965
1719 4046
1719 4125
1719 4244
1719 4285
1719 4354
1720 3888
1721 2403
1722 1737
1722 1761
1722 1785
1722 1813
1722 1816
1722 1835
1722 1837
1722 1841
1722 1843
1722 1846
1722 1849
1722 1850
1722 1851
1722 1855
1722 1858
1722 1870
1722 1883
1722 1884
1722 1888
1722 1893
1722 1918
1722 1933
1722 1956
1722 1966
1722 1991
1722 1999
1722 2021
1722 2022
1722 2034
1722 2036
1722 2038
1722 2039
1722 2044
1722 2053
1722 2060
1722 2062
1722 2113
1722 2134
1722 2135
1722 2158
1722 2162
1722 2174
1722 2226
1722 2228
1722 2240
1722 2264
1722 2276
1722 2291
1722 2295
1722 2335
1722 2358
1722 2403
1722 2407
1722 2432
1722 2463
1722 2471
1722 2472
1722 2489
1722 2522
1722 2527
1722 2567
1722 2579
1722 2585
1722 2627
1722 2630
1722 2631
1722 2642
1722 2651
1722 2673
1722 2677
1722 2687
1722 2695
1722 2703
1722 2719
1722 2724
1722 2760
1722 2790
1722 2791
1722 2822
1722 2837
1722 2845
1722 2856
1722 2863
1722 2885
1722 2911
1722 2918
1722 2927
1722 2934
1722 2940
1722 2948
1722 2985
1722 3001
1722 3017
1722 3044
1722 3064
1722 3065
1722 3071
1722 3074
1722 3113
1722 3123
1722 3129
1722 3144
1722 3146
1722 3170
1722 3217
1722 3226
1722 3240
1722 3266
1722 3321
1722 3324
1722 3337
1722 3361
1722 3362
1722 3373
1722 3381
1722 3385
1722 3437
1722 3464
1722 3465
1722 3466
1722 3479
1722 3483
1722 3489
1722 3540
1722 3542
1722 3546
1722 3555
1722 3566
1722 3575
1722 3585
1722 3625
1722 3630
1722 3669
1722 3680
1722 3688
1722 3736
1722 3795
1722 3796
1722 3820
1722 3821
1722 3825
1722 3826
1722 3828
1722 3830
1722 3835
1722 3852
1722 3853
1722 3863
1722 3888
1722 3941
1722 3948
1722 3970
1722 4032
1722 4038
1722 4044
1722 4077
1722 4094
1722 4104
1722 4110
1722 4124
1722 4133
1722 4142
1722 4144
1722 4167
1722 4205
1722 4222
1722 4231
1722 4240
1722 4246
1722 4254
1722 4267
1722 4270
1722 4294
1722 4298
1722 4299
1722 4308
1722 4327
1722 4334
1722 4343
1722 4353
1722 4357
1724 2120
1724 2122
1724 2880
1724 3793
1725 3034
1726 1899
1726 2448
1726 2946
1726 3420
1726 3683
1727 2303
1728 3164
1729 1889
1729 2515
1729 3545
1730 1889
1733 2785
1733 4200
1734 1736
1735 2038
1735 2757
1735 2951
1735 3034
1735 3123
1735 3296
1735 3402
1736 2235
1737 1801
1737 1835
1737 1900
1737 2038
1737 2039
1737 2044
1737 2060
1737 2113
1737 2181
1737 2182
1737 2281
1737 2358
1737 2794
1737 3174
1737 3204
1737 3647
1737 3669
1737 3883
1737 3969
1737 4136
1737 4236
1737 4350
1738 3114
1738 3361
1742 1823
1742 1889
1742 2470
1742 3174
1742 3578
1742 3593
1742 3730
1742 4156
1743 2848
1745 3034
1746 3644
1747 2373
1747 2408
1747 2656
1748 2740
1748 3615
1748 3616
1748 4195
1749 1862
1749 3316
1749 3888
1749 3937
1749 3985
1751 3423
1752 2976
1753 3012
1754 2048
1754 3903
1755 3034
1757 2392
1757 2394
1759 2656
1759 3966
1760 2394
1763 3034
1766 4127
1768 2886
1769 1865
1769 2214
1769 3025
1769 3407
1769 3714
1770 2060
1770 3895
1772 2303
1773 1889
1773 2219
1773 2816
1774 4296
1776 4335
1778 1987
1778 3719
1778 4102
1778 4312
1779 2392
1779 2394
1779 2916
1779 3719
1779 4312
1780 2392
1780 2394
1780 4312
1781 3719
1781 4312
1782 2259
1782 2392
1782 2394
1782 3578
1782 3719
1782 4312
1783 4312
1784 3571
1784 3927
1785 1936
1785 3034
1785 3566
1786 2869
1787 4156
1788 3034
1789 3000
1791 3917
1792 2877
1793 2303
1794 3034
1794 3566
1796 3034
1797 1868
1797 3254
1797 3256
1798 3034
1799 2315
1799 2335
1799 2438
1801 2038
1802 3034
1803 2595
1804 3740
1805 2664
1806 4025
1809 1907
1809 2029
1809 2094
1809 2132
1809 2438
1809 3536
1810 2565
1811 3278
1811 4203
1813 3566
1814 3034
1815 3531
1816 3566
1818 2901
1819 3025
1819 3630
1820 3283
1820 3848
1821 2789
1822 4090
1823 3906
1823 3908
1825 3839
1826 2303
1826 2745
1826 3037
1826 3066
1826 3276
1826 3768
1826 3839
1827 2969
1831 1938
1831 1939
1831 1940
1831 2977
1834 1889
1834 2155
1834 2509
1834 2515
1834 2647
1834 2880
1834 3274
1834 3517
1834 3862
1835 1991
1835 2038
1835 2044
1835 2219
1835 2619
1835 3034
1835 3113
1835 3373
1835 3566
1835 4153
1836 2335
1836 2800
1837 2060
1837 2800
1837 2917
1837 3034
1837 3566
1838 3034
1839 3034
1841 2042
1841 2389
1841 2638
1841 2744
1841 2871
1841 2887
1841 2982
1841 3456
1841 3896
1843 4335
1844 3114
1844 3373
1844 3963
1846 1850
1846 2021
1846 2865
1846 4335
1849 1991
1849 2060
1849 3566
1850 2865
1850 3034
1851 1852
1851 2021
1852 2472
1853 1875
1853 2054
1853 2516
1853 2820
1854 2882
1854 3673
1854 4361
1855 2472
1856 3114
1857 2193
1857 4024
1859 3034
1860 3285
1860 3587
1861 2903
1862 1889
1862 3034
1864 2340
1865 3701
1867 2219
1867 3521
1867 3933
1868 3544
1869 3895
1871 1889
1874 3034
1875 2509
1875 2647
1875 2818
1875 3034
1877 3034
1878 3034
1880 3103
1880 3202
1881 2520
1881 2813
1882 4335
1883 2440
1883 3362
1883 3605
1883 3962
1883 4104
1883 4166
1884 1967
1884 1991
1884 2060
1884 2149
1884 2335
1884 2438
1884 2555
1884 2718
1884 2856
1884 3034
1884 3566
1884 3811
1884 3865
1884 4019
1886 2524
1886 2658
1886 3638
1887 3034
1888 2395
1888 2438
1888 3034
1888 4187
1889 1946
1889 1967
1889 1973
1889 1979
1889 1980
1889 1994
1889 2021
1889 2055
1889 2057
1889 2091
1889 2098
1889 2119
1889 2157
1889 2200
1889 2212
1889 2222
1889 2259
1889 2302
1889 2310
1889 2332
1889 2337
1889 2338
1889 2345
1889 2353
1889 2359
1889 2368
1889 2391
1889 2394
1889 2408
1889 2418
1889 2424
1889 2436
1889 2474
1889 2481
1889 2483
1889 2485
1889 2499
1889 2506
1889 2512
1889 2519
1889 2526
1889 2565
1889 2569
1889 2584
1889 2589
1889 2616
1889 2617
1889 2638
1889 2657
1889 2672
1889 2693
1889 2713
1889 2748
1889 2786
1889 2789
1889 2828
1889 2833
1889 2849
1889 2850
1889 2854
1889 2880
1889 2893
1889 2901
1889 2902
1889 2910
1889 2926
1889 3004
1889 3020
1889 3025
1889 3027
1889 3056
1889 3058
1889 3074
1889 3111
1889 3112
1889 3128
1889 3137
1889 3142
1889 3143
1889 3158
1889 3230
1889 3238
1889 3244
1889 3262
1889 3270
1889 3282
1889 3283
1889 3299
1889 3301
1889 3315
1889 3322
1889 3337
1889 3355
1889 3368
1889 3377
1889 3390
1889 3436
1889 3441
1889 3442
1889 3443
1889 3468
1889 3517
1889 3525
1889 3552
1889 3586
1889 3600
1889 3624
1889 3627
1889 3633
1889 3668
1889 3672
1889 3763
1889 3770
1889 3772
1889 3779
1889 3815
1889 3838
1889 3862
1889 3866
1889 3877
1889 3888
1889 3895
1889 3912
1889 3931
1889 3933
1889 3962
1889 3969
1889 3977
1889 4003
1889 4011
1889 4022
1889 4025
1889 4028
1889 4038
1889 4048
1889 4090
1889 4112
1889 4166
1889 4187
1889 4194
1889 4219
1889 4224
1889 4245
1889 4246
1889 4249
1889 4251
1889 4261
1889 4274
1889 4275
1889 4279
1889 4320
1889 4324
1890 1998
1890 4026
1891 2157
1891 2438
1892 2060
1892 3034
1893 1894
1893 4171
1895 1989
1895 4005
1896 3262
1897 1967
1897 2058
1897 2382
1897 2477
1897 2558
1897 3111
1898 2408
1898 3888
1899 2436
1899 2617
1899 2880
1899 2946
1899 2992
1899 3034
1899 3046
1899 3517
1899 3888
1899 4158
1899 4166
1900 2038
1900 2044
1900 2851
1900 3034
1900 3113
1900 3361
1900 3362
1900 3373
1902 3034
1903 3089
1904 3034
1906 2926
1906 3689
1910 2060
1911 3084
1912 4077
1913 2274
1913 3373
1915 3034
1916 4335
1917 3705
1917 4103
1919 2048
1919 2121
1919 2617
1919 2647
1919 2879
1919 2880
1919 3505
1919 3862
1920 2078
1922 2200
1922 3964
1922 3965
1922 3966
1923 3013
1924 3919
1925 3034
1926 2506
1926 2789
1928 3034
1929 3949
1930 1991
1930 2060
1930 2856
1930 3299
1930 3373
1930 3673
1930 3824
1930 4103
1930 4141
1932 3555
1933 3284
1934 4103
1936 3260
1937 3915
1938 3213
1940 3846
1943 2984
1944 2015
1945 2789
1945 4335
1946 2880
1946 3586
1946 3969
1949 3727
1951 3305
1952 2060
1953 2008
1954 2915
1957 2786
1957 2789
1957 4335
1958 4335
1959 3705
1959 4335
1960 2499
1961 2789
1963 2713
1964 3917
1965 2313
1965 2314
1965 2574
1967 2011
1967 2280
1967 2397
1967 2589
1967 2901
1967 2947
1967 3025
1967 3034
1967 3037
1967 3446
1967 3517
1967 3760
1967 3960
1967 4090
1968 2392
1968 2394
1968 4312
1969 2789
1970 2654
1970 2888
1971 2698
1973 2313
1973 2314
1973 2512
1973 2619
1973 2803
1973 2870
1973 3531
1973 4194
1975 2573
1977 2438
1977 2609
1977 2617
1978 2318
1978 3962
1978 4166
1979 1980
1979 2014
1979 2597
1979 2717
1979 3158
1979 3333
1979 3984
1979 4048
1980 1994
1980 2789
1980 3143
1980 3158
1980 3491
1980 4048
1980 4202
1982 4327
1984 2804
1987 3302
1989 2701
1989 4005
1990 2259
1990 2515
1991 2038
1991 2039
1991 2044
1991 2060
1991 2135
1991 2167
1991 2237
1991 2335
1991 2766
1991 2782
1991 2856
1991 2973
1991 3113
1991 3362
1991 3373
1991 3416
1991 3566
1991 3573
1991 3625
1991 3647
1991 3694
1991 3709
1991 3835
1991 4133
1991 4240
1991 4270
1991 4299
1991 4343
1992 4104
1993 2813
1994 4202
1995 2977
1996 3797
1998 2901
1999 3034
2000 3385
2000 3904
2000 3905
2001 3034
2003 2335
2004 3244
2004 3714
2005 2038
2005 3515
2006 2188
2008 2480
2008 2499
2008 3608
2008 3696
2008 3705
2008 3876
2008 3901
2008 4002
2008 4296
2011 2389
2011 3993
2012 3412
2012 4135
2015 2038
2015 2656
2015 2753
2015 3375
2015 3669
2016 2656
2017 3313
2019 2610
2019 2616
2019 2619
2020 3279
2021 2553
2023 2265
2026 3740
2027 3740
2031 4296
2032 2748
2034 2378
2034 3728
2034 3931
2034 4265
2034 4296
2037 2660
2038 2039
2038 2044
2038 2060
2038 2086
2038 2113
2038 2181
2038 2182
2038 2206
2038 2281
2038 2358
2038 2757
2038 2794
2038 2819
2038 2822
2038 2868
2038 2916
2038 3034
2038 3213
2038 3299
2038 3389
2038 3517
2038 3566
2038 3647
2038 3669
2038 3883
2038 3888
2038 3960
2038 4110
2038 4136
2038 4236
2038 4291
2038 4350
2039 3299
2039 3566
2039 3969
2039 4247
2040 2339
2040 2510
2040 3157
2040 3646
2040 3975
2040 4369
2041 2822
2042 3034
2042 3146
2042 3376
2042 4218
2043 4193
2044 2135
2044 2794
2044 2819
2044 2868
2044 3034
2044 3299
2044 3566
2045 4193
2046 3764
2047 2330
2048 2656
2048 2879
2048 2880
2049 4335
2051 2173
2052 2820
2052 3334
2052 4145
2052 4277
2053 2577
2053 2681
2054 3633
2054 4181
2055 2641
2055 3633
2055 3977
2057 3577
2057 3931
2057 4156
2059 2060
2060 2112
2060 2113
2060 2120
2060 2135
2060 2153
2060 2168
2060 2265
2060 2270
2060 2286
2060 2443
2060 2498
2060 2527
2060 2552
2060 2570
2060 2585
2060 2586
2060 2630
2060 2661
2060 2662
2060 2663
2060 2669
2060 2674
2060 2686
2060 2695
2060 2728
2060 2760
2060 2796
2060 2797
2060 2798
2060 2830
2060 2856
2060 2865
2060 2900
2060 2901
2060 2905
2060 2934
2060 2940
2060 2948
2060 2972
2060 3054
2060 3065
2060 3071
2060 3113
2060 3170
2060 3187
2060 3257
2060 3259
2060 3275
2060 3319
2060 3322
2060 3343
2060 3353
2060 3359
2060 3373
2060 3374
2060 3464
2060 3541
2060 3542
2060 3573
2060 3630
2060 3675
2060 3688
2060 3706
2060 3742
2060 3824
2060 3835
2060 3852
2060 3967
2060 3980
2060 3986
2060 4043
2060 4080
2060 4084
2060 4123
2060 4154
2060 4205
2060 4216
2060 4270
2060 4286
2060 4287
2060 4299
2060 4343
2061 3624
2062 3452
2062 3990
2064 3168
2065 3705
2065 4232
2066 3034
2067 4232
2073 2403
2073 2593
2073 3517
2073 3589
2073 3629
2073 3888
2073 4166
2074 2916
2075 3394
2075 3589
2076 2212
2076 3977
2077 2403
2078 2316
2078 2780
2078 3413
2078 4046
2078 4104
2078 4169
2080 2256
2080 3886
2080 4012
2080 4039
2081 3666
2082 2911
2082 3278
2082 3566
2083 2688
2086 2464
2089 2320
2090 3340
2092 2335
2095 2573
2096 2485
2097 3740
2100 3092
2101 3024
2101 3352
2104 3917
2105 3828
2107 3034
2108 2273
2109 2789
2110 3034
2111 4335
2113 2206
2114 2789
2115 3042
2116 2789
2116 4335
2119 2122
2119 2879
2119 2880
2119 2901
2119 3413
2119 3517
2119 4018
2120 2122
2120 2901
2120 2905
2120 3373
2120 4104
2121 2879
2121 2880
2122 2679
2122 2726
2122 2814
2122 2905
2122 3112
2122 3373
2123 3578
2124 2656
2126 2958
2126 2986
2126 3350
2128 4070
2129 2723
2130 2303
2133 2723
2135 2496
2135 2728
2135 3034
2135 3240
2135 3525
2135 3852
2135 3897
2135 4270
2136 2438
2136 3102
2137 2313
2137 2314
2138 3034
2142 2214
2142 2916
2144 4265
2144 4296
2145 2216
2145 2586
2146 2392
2146 2394
2147 2870
2147 3760
2147 4057
2149 2170
2149 2265
2149 3034
2149 3232
2149 3401
2149 3542
2150 3004
2150 4323
2151 3649
2152 2622
2153 3740
2155 4335
2157 2259
2158 3566
2158 3821
2160 3824
2160 4141
2161 3898
2161 3899
2163 2173
2163 3034
2164 2180
2164 2264
2164 2265
2164 3488
2164 4060
2164 4211
2164 4361
2165 3034
2165 4361
2166 2753
2168 2264
2168 2265
2168 4060
2169 2593
2169 3637
2170 2264
2170 2265
2170 3299
2170 3673
2170 4060
2170 4196
2171 3888
2173 3624
2174 4335
2175 3113
2175 3114
2175 3361
2175 3373
2176 3862
2176 3921
2178 2789
2178 3889
2181 3034
2183 3164
2183 3193
2183 4176
2184 2392
2184 2394
2185 2726
2185 3034
2185 3276
2187 3550
2189 2657
2191 2313
2191 2609
2191 2616
2191 2617
2191 2619
2192 4335
2193 4029
2195 2567
2196 3034
2198 3926
2199 3965
2199 3966
2200 2201
2200 2445
2200 2901
2200 3114
2200 3373
2200 3565
2200 3710
2200 3885
2200 3959
2201 3137
2201 3758
2201 4192
2201 4268
2202 3011
2204 2335
2204 2438
2205 3011
2205 3966
2206 2794
2207 3661
2207 3663
2207 3903
2209 2584
2209 4269
2209 4285
2210 2984
2212 3977
2214 3193
2214 4158
2215 3582
2216 3631
2216 4203
2216 4316
2217 3157
2217 3158
2218 3034
2218 4335
2220 2856
2220 3113
2220 3361
2220 3362
2220 3373
2220 3835
2220 4299
2223 3571
2226 2228
2226 4281
2229 3425
2231 3034
2233 3517
2234 2802
2234 3888
2234 4243
2235 2438
2235 2555
2235 3503
2235 3568
2236 2237
2236 2238
2236 4243
2237 2238
2237 2274
2237 3566
2238 3334
2239 2585
2239 3566
2240 3034
2242 4335
2243 2485
2243 2886
2243 2891
2245 3034
2246 3034
2247 2532
2247 3474
2247 3965
2248 3159
2248 3537
2250 2753
2250 3507
2250 4090
2251 2330
2251 2465
2251 2485
2251 2813
2251 2889
2251 3069
2251 3151
2251 3490
2251 3578
2251 3903
2251 4127
2252 4017
2253 2255
2253 2259
2253 2499
2253 3201
2256 2555
2256 3882
2259 2499
2259 2515
2259 2902
2259 3174
2259 3201
2259 4084
2259 4258
2261 3919
2263 3468
2265 3394
2265 3424
2266 3931
2267 3067
2268 2610
2268 2619
2270 3740
2271 2438
2271 3034
2272 3012
2272 4003
2272 4067
2273 2430
2273 2479
2274 2392
2274 2394
2274 2865
2274 3012
2274 3014
2274 3550
2274 4244
2274 4245
2274 4296
2275 2276
2275 2498
2276 3034
2276 3044
2276 3909
2277 3800
2280 2335
2280 2381
2280 2438
2280 2555
2280 2593
2280 3102
2280 3193
2280 4019
2280 4026
2283 2406
2284 3034
2287 3034
2290 4335
2292 2789
2294 4014
2296 2565
2297 2396
2297 2649
2298 2303
2299 4028
2301 2676
2301 3368
2303 2457
2303 2778
2303 2824
2303 2890
2303 2933
2303 2987
2303 3320
2303 3530
2303 3601
2303 3670
2303 3711
2303 3755
2303 3821
2303 3834
2303 3939
2303 3983
2303 3996
2303 4341
2304 2992
2306 3383
2307 2738
2307 2993
2308 3705
2308 4239
2308 4335
2309 3373
2310 2506
2310 2656
2311 2392
2312 3034
2313 2348
2313 2932
2313 3246
2313 3464
2313 3580
2313 3879
2313 4226
2314 3879
2314 4194
2316 2436
2317 2395
2317 2436
2317 2438
2317 4024
2318 2436
2319 4296
2320 3039
2320 3121
2320 4065
2320 4079
2321 3034
2325 2571
2328 3942
2329 4324
2330 4025
2331 2735
2331 4344
2332 3046
2333 2373
2333 2689
2333 2690
2333 2691
2335 2375
2335 2462
2335 2564
2335 2623
2335 2678
2335 2872
2335 2897
2335 3086
2335 3129
2335 3199
2335 3204
2335 3211
2335 3251
2335 3279
2335 3398
2335 3618
2335 3811
2335 3822
2335 3894
2335 4034
2335 4040
2335 4046
2335 4141
2335 4354
2336 4354
2337 2515
2337 3517
2337 3531
2338 2493
2338 4251
2340 2721
2342 3624
2344 2346
2345 2388
2345 2657
2345 2696
2345 2789
2345 2909
2345 3058
2345 3180
2345 3441
2345 3716
2345 3866
2346 3034
2346 3531
2347 3585
2347 3870
2347 3871
2348 2609
2348 2616
2348 2617
2348 2619
2348 4103
2349 2371
2349 2373
2349 3767
2350 2522
2350 3034
2350 3461
2351 3006
2351 3926
2353 2591
2353 3511
2353 4218
2354 3034
2354 4103
2355 2373
2356 2901
2358 2438
2358 3034
2358 3123
2358 3299
2358 3566
2358 3982
2358 4247
2359 2485
2359 4106
2359 4206
2362 2701
2362 2813
2363 3169
2364 3958
2369 4335
2372 4335
2373 2417
2373 2485
2373 2689
2373 2690
2373 2691
2373 2849
2373 3340
2373 3369
2373 3574
2373 4279
2373 4296
2376 3083
2378 2666
2379 4347
2380 2515
2381 2609
2381 2789
2381 3034
2381 3341
2383 3034
2386 3034
2387 3969
2388 2392
2388 2394
2388 3716
2389 2521
2389 2763
2389 3034
2389 3456
2389 3714
2390 3213
2390 4031
2391 3006
2391 3527
2391 3760
2391 4057
2391 4163
2392 2394
2392 2521
2392 2553
2392 2757
2392 2759
2392 2775
2392 2813
2392 2817
2392 2865
2392 2976
2392 3144
2392 3167
2392 3224
2392 3456
2392 3459
2392 3518
2392 3578
2392 3780
2392 3834
2392 3850
2392 3888
2392 3931
2392 4025
2392 4128
2392 4156
2392 4243
2392 4261
2393 2609
2393 2616
2393 2617
2393 2650
2393 2777
2393 2780
2393 2782
2393 3100
2393 3105
2393 3407
2393 3408
2393 3413
2393 3503
2393 3568
2393 3712
2393 3714
2393 3839
2393 4030
2393 4031
2394 2419
2394 2521
2394 2553
2394 2757
2394 2759
2394 2775
2394 2813
2394 2817
2394 2865
2394 3016
2394 3144
2394 3167
2394 3208
2394 3224
2394 3456
2394 3459
2394 3518
2394 3522
2394 3578
2394 3780
2394 3834
2394 3850
2394 3888
2394 3931
2394 3933
2394 3986
2394 4128
2394 4156
2394 4243
2394 4261
2395 2438
2396 2638
2396 3456
2397 2438
2397 2619
2397 3025
2397 3527
2397 4028
2399 3034
2401 2929
2402 4335
2403 3252
2403 3983
2404 3177
2405 3034
2407 2952
2407 3034
2407 3566
2407 4361
2408 2485
2408 2756
2408 3854
2408 4279
2409 3176
2412 2857
2412 3176
2413 3034
2414 3034
2416 2859
2416 4204
2420 3137
2421 4103
2422 2789
2424 2870
2425 3034
2426 2438
2426 3397
2428 3566
2429 2521
2429 2763
2429 3355
2430 2485
2430 3578
2431 3034
2431 4335
2436 2828
2436 3529
2436 3763
2436 3847
2436 3969
2436 4354
2438 2554
2438 2564
2438 2565
2438 2820
2438 2880
2438 3019
2438 3129
2438 3148
2438 3199
2438 3317
2438 3409
2438 3412
2438 3434
2438 3442
2438 3479
2438 3634
2438 3717
2438 3822
2438 3859
2438 3894
2438 3928
2438 4082
2438 4107
2438 4133
2438 4163
2438 4285
2438 4288
2438 4361
2440 4104
2441 2551
2441 3484
2442 3516
2444 4081
2446 2946
2447 2946
2447 3420
2448 2449
2448 2946
2448 3420
2449 2946
2449 3420
2449 4335
2451 2976
2452 3034
2453 4221
2454 2760
2456 2485
2458 3034
2460 2901
2461 4198
2463 3034
2465 3069
2465 3471
2465 3565
2467 3829
2470 3933
2472 4335
2473 3140
2477 3527
2478 2522
2478 2735
2478 3106
2478 3461
2479 3126
2481 2594
2485 2647
2485 2697
2485 2886
2485 2936
2485 3238
2485 3338
2485 3390
2485 3550
2485 3578
2485 3933
2485 3995
2485 4156
2485 4249
2485 4275
2485 4279
2485 4303
2486 3221
2487 3034
2487 3299
2487 4194
2487 4203
2488 2589
2488 2916
2488 3278
2488 3981
2491 2916
2492 3034
2493 2856
2493 3373
2493 3566
2493 4194
2494 3321
2495 3373
2497 3034
2499 2515
2499 2547
2499 2713
2499 2861
2499 2867
2499 3036
2499 3154
2499 3323
2500 2544
2501 3034
2502 3406
2504 3705
2505 3034
2506 2759
2506 2833
2506 3071
2506 4097
2507 2952
2508 3034
2509 2647
2509 2820
2509 2880
2510 4369
2511 3389
2511 3547
2512 2833
2513 3034
2513 3571
2513 3585
2513 3927
2514 4232
2515 2647
2515 2880
2515 3077
2515 3159
2515 3436
2515 3492
2515 3545
2515 4001
2515 4072
2516 3101
2516 3334
2517 4335
2519 2813
2522 2735
2522 2762
2522 3025
2522 3107
2522 3144
2522 3763
2522 4064
2522 4090
2523 2916
2524 2828
2524 3262
2524 3529
2524 4101
2524 4315
2526 4335
2527 2560
2527 3123
2528 3740
2529 3740
2530 3046
2530 3355
2530 3961
2534 3034
2535 2929
2536 3340
2536 3808
2538 2886
2539 4309
2539 4332
2540 3034
2541 4232
2542 3046
2546 2720
2546 3918
2546 3961
2547 3014
2547 3705
2549 3034
2549 3566
2550 2657
2551 2759
2551 3034
2551 3111
2553 2871
2555 2900
2555 3211
2555 3467
2555 3886
2555 4354
2556 3034
2560 2570
2560 3123
2560 3573
2560 3970
2561 2595
2561 2601
2562 3761
2565 2880
2565 3020
2565 3144
2565 3497
2565 3651
2565 3745
2565 3955
2566 2892
2567 2681
2567 4028
2567 4318
2567 4319
2567 4350
2569 3159
2569 3325
2569 3902
2570 3557
2570 3566
2570 3573
2576 3959
2576 3963
2577 3959
2577 3963
2577 3965
2582 3034
2583 2805
2584 2901
2584 3164
2584 3570
2584 3817
2584 4346
2585 2586
2586 4203
2586 4316
2589 2816
2589 2916
2589 3373
2589 4314
2590 2719
2590 3113
2590 3114
2590 3373
2590 3517
2591 2916
2591 3317
2591 4354
2593 2782
2593 2822
2593 2941
2593 3103
2593 3104
2593 3211
2593 3213
2593 3415
2593 3609
2593 3634
2593 3637
2593 3639
2593 4029
2593 4030
2593 4100
2596 3714
2597 4335
2603 3373
2603 3507
2603 4194
2607 3034
2607 4335
2608 3091
2608 3990
2609 2616
2609 2617
2609 2932
2609 3373
2609 3464
2609 3580
2609 3589
2609 4104
2609 4226
2609 4350
2610 3104
2610 4020
2610 4339
2611 3740
2613 3034
2614 3373
2616 2932
2616 2957
2616 3025
2616 3104
2616 3246
2616 3299
2616 3372
2616 3464
2616 3580
2616 3589
2616 3609
2616 4020
2616 4226
2617 2932
2617 3025
2617 3464
2617 3580
2617 3609
2617 3760
2617 3768
2619 2932
2619 2957
2619 3025
2619 3104
2619 3141
2619 3372
2619 3464
2619 3580
2619 4020
2619 4194
2619 4226
2619 4350
2628 3517
2628 4166
2633 3468
2635 3034
2636 3740
2638 2657
2639 2754
2639 4152
2643 4335
2646 3731
2647 2756
2647 2820
2647 2879
2647 2880
2654 2882
2655 3824
2655 4103
2655 4141
2656 2741
2656 2873
2656 2880
2656 3189
2656 3312
2656 3741
2656 4090
2656 4214
2656 4263
2656 4313
2657 3014
2657 3034
2657 3058
2657 3112
2657 3285
2657 3420
2657 3441
2657 3521
2657 3524
2657 3587
2657 3818
2657 3866
2657 4051
2657 4228
2657 4335
2660 3245
2663 3023
2663 4004
2665 2692
2667 3034
2668 4141
2669 3034
2670 4369
2671 3915
2672 3979
2674 3034
2675 2813
2675 4181
2676 2726
2676 3368
2676 4188
2677 3034
2678 2910
2678 3368
2679 2901
2681 3284
2681 3695
2681 3735
2681 4133
2681 4246
2681 4247
2681 4251
2684 3034
2685 4335
2687 2695
2687 2866
2687 2938
2687 3042
2688 4313
2689 2690
2689 2691
2689 3959
2690 2691
2690 3550
2690 3959
2690 4220
2691 3959
2692 3916
2693 3929
2695 2938
2697 3142
2698 2699
2698 3053
2700 3034
2701 3034
2702 3740
2702 4335
2707 2789
2708 3034
2708 3909
2708 4323
2709 3814
2710 3571
2710 3927
2711 3034
2712 3619
2712 4066
2713 3069
2713 3390
2713 4282
2717 3002
2717 3032
2717 3158
2717 3326
2717 3495
2719 3585
2719 4335
2720 3961
2721 3426
2724 3566
2725 3144
2725 3146
2726 3129
2726 3267
2726 3317
2726 3475
2726 3859
2726 3884
2726 4169
2729 3730
2730 2886
2731 4025
2732 3034
2735 3034
2735 3144
2735 3146
2735 3531
2735 3763
2736 3034
2737 3673
2739 3112
2743 4246
2748 3847
2748 4173
2751 3758
2752 4172
2753 2916
2753 4193
2754 3937
2754 4073
2756 3238
2756 3578
2756 3928
2758 3874
2758 4172
2759 2763
2759 2789
2759 2880
2759 3012
2759 3014
2759 3144
2759 3146
2759 3392
2759 3517
2759 3557
2759 3783
2760 3676
2760 3705
2760 4335
2761 3034
2762 4064
2763 2789
2763 2833
2763 2982
2763 3020
2763 3112
2763 3325
2763 3332
2763 3705
2763 3919
2763 3924
2763 4036
2765 3126
2765 4184
2767 3740
2768 3174
2768 3753
2769 3034
2769 3516
2771 3034
2772 4335
2774 4017
2775 3034
2776 3591
2777 3494
2777 3591
2779 3571
2780 3204
2780 3591
2780 3736
2780 4075
2781 3397
2782 3591
2782 3629
2786 3143
2786 3270
2786 3842
2789 2921
2789 2947
2789 2964
2789 3009
2789 3033
2789 3071
2789 3272
2789 3330
2789 3342
2789 3430
2789 3439
2789 3463
2789 3468
2789 3677
2789 3687
2789 3751
2789 3771
2789 3772
2789 3880
2789 3888
2789 3891
2789 3924
2789 3932
2789 4000
2789 4009
2789 4048
2789 4088
2789 4112
2789 4199
2789 4229
2789 4258
2789 4290
2789 4358
2789 4370
2793 3755
2793 4296
2794 3114
2794 3647
2794 4153
2794 4158
2799 2820
2800 3034
2802 3888
2802 4243
2804 3157
2804 3158
2805 3705
2806 3034
2806 4141
2808 3096
2808 3205
2808 3557
2808 3698
2808 3958
2809 4335
2811 3146
2812 4200
2813 2963
2813 3151
2813 3469
2813 3542
2813 3668
2813 3750
2813 3794
2813 3867
2813 3944
2813 4261
2815 2924
2815 2963
2816 3933
2816 4066
2817 3469
2817 3794
2817 3944
2817 4156
2819 3179
2819 4187
2819 4361
2820 3334
2820 3517
2820 3813
2820 4072
2821 3110
2822 3634
2823 4077
2828 3529
2828 3817
2833 3020
2833 3046
2834 3034
2834 3821
2836 3975
2836 4369
2839 3931
2840 4335
2842 3969
2843 3130
2843 3199
2843 3276
2844 3156
2844 3165
2845 3034
2850 3497
2850 3517
2851 3034
2852 3034
2853 4195
2856 3113
2856 3299
2856 3373
2856 3566
2856 3835
2856 4299
2857 3038
2857 3918
2857 3961
2858 3918
2859 3030
2859 3031
2859 3038
2859 3918
2859 3961
2859 4243
2860 3918
2861 3034
2862 3918
2865 3112
2865 4335
2866 3042
2866 3368
2868 3034
2869 4246
2869 4251
2871 3456
2872 3276
2875 3752
2878 3389
2878 4110
2879 2880
2879 2902
2879 3902
2882 3049
2883 3098
2883 3746
2883 3779
2884 3797
2885 3034
2885 3566
2886 2888
2886 2997
2886 3034
2886 3384
2886 3578
2886 3660
2886 3861
2886 3873
2886 4305
2887 3896
2888 2963
2888 3897
2888 4278
2889 4127
2891 3691
2891 3885
2891 4195
2891 4277
2893 3915
2893 4041
2894 3915
2895 3050
2895 3451
2895 3613
2895 4307
2896 2899
2897 3193
2898 2983
2901 3112
2901 3174
2901 3279
2901 3373
2901 3630
2901 3835
2901 3888
2901 4354
2903 3334
2903 4166
2906 3034
2908 3225
2908 3534
2909 3180
2910 3926
2910 4354
2911 3566
2912 3956
2913 3244
2915 3017
2915 3501
2915 3699
2915 4038
2916 3144
2916 3273
2916 3373
2916 3401
2916 3460
2916 3461
2916 3462
2916 3507
2916 3761
2916 4018
2916 4090
2916 4141
2916 4158
2916 4194
2918 3204
2918 3837
2919 3893
2921 4296
2922 3293
2922 3294
2922 3295
2922 3358
2922 4198
2922 4201
2927 3034
2931 4335
2934 3566
2938 3042
2939 3034
2940 3034
2940 3566
2941 3034
2941 3164
2941 3557
2946 3420
2947 3034
2949 3779
2961 3034
2964 3034
2964 3824
2964 4103
2964 4141
2965 4103
2965 4335
2966 4328
2968 3884
2970 3914
2976 3286
2976 3933
2976 4242
2978 4335
2980 3034
2982 3174
2982 3456
2982 3963
2982 3965
2989 3705
2991 3144
2991 4335
2992 3146
2992 3888
2992 4063
2996 3517
2996 4310
2997 3174
2998 3585
3000 3144
3000 3146
3000 3460
3000 3461
3000 3763
3000 3785
3000 3837
3000 4103
3004 4174
3005 3034
3005 3995
3006 3434
3006 3527
3009 4265
3009 4296
3010 4296
3011 3966
3012 3014
3012 3330
3012 3331
3012 3755
3012 4065
3013 4279
3015 3034
3016 3034
3017 3299
3017 3566
3018 3862
3019 4301
3021 3022
3021 3470
3023 4052
3023 4174
3025 3373
3025 4080
3025 4335
3027 3945
3027 4335
3028 3034
3029 4335
3033 4335
3034 3061
3034 3063
3034 3094
3034 3113
3034 3114
3034 3140
3034 3155
3034 3184
3034 3209
3034 3227
3034 3232
3034 3253
3034 3264
3034 3299
3034 3329
3034 3336
3034 3337
3034 3338
3034 3373
3034 3388
3034 3390
3034 3431
3034 3438
3034 3441
3034 3447
3034 3450
3034 3465
3034 3471
3034 3479
3034 3481
3034 3500
3034 3517
3034 3538
3034 3549
3034 3556
3034 3596
3034 3607
3034 3669
3034 3674
3034 3679
3034 3685
3034 3693
3034 3695
3034 3708
3034 3723
3034 3741
3034 3778
3034 3795
3034 3796
3034 3820
3034 3840
3034 3841
3034 3852
3034 3863
3034 3923
3034 3967
3034 3972
3034 3995
3034 3998
3034 3999
3034 4004
3034 4007
3034 4013
3034 4037
3034 4042
3034 4043
3034 4045
3034 4049
3034 4063
3034 4066
3034 4122
3034 4134
3034 4139
3034 4151
3034 4165
3034 4170
3034 4218
3034 4254
3034 4257
3034 4259
3034 4262
3034 4271
3034 4276
3034 4304
3034 4305
3034 4308
3034 4317
3034 4324
3034 4327
3034 4343
3034 4353
3037 3113
3037 4142
3037 4190
3041 4070
3041 4184
3045 4028
3046 3069
3046 3355
3046 3888
3046 4221
3046 4323
3049 3673
3050 3613
3054 3566
3055 3225
3057 3766
3059 3433
3062 4158
3066 3714
3066 3845
3068 3740
3069 3603
3070 3340
3072 3146
3074 3350
3075 3270
3076 3113
3076 3373
3078 3335
3079 4200
3080 4200
3081 3373
3083 3567
3084 3346
3085 3299
3089 4209
3090 3747
3091 3373
3091 3562
3100 3494
3100 3591
3102 4354
3103 3494
3103 3576
3104 3568
3105 3571
3105 3591
3106 3146
3106 3461
3106 3763
3107 3461
3107 3761
3107 4157
3108 3494
3108 3591
3109 3144
3110 4003
3111 3398
3111 3561
3111 3562
3111 4075
3111 4196
3111 4246
3113 3299
3113 3321
3113 3361
3113 3373
3113 3566
3113 3632
3113 3835
3113 3968
3113 3990
3113 4211
3113 4237
3113 4299
3114 3238
3114 3630
3114 3963
3114 4194
3114 4210
3114 4225
3114 4321
3116 4230
3117 3705
3117 4232
3118 3957
3119 4335
3121 3534
3122 3725
3123 3173
3123 3573
3123 3970
3126 3327
3128 3517
3128 3763
3128 3910
3128 4166
3129 3566
3129 4150
3130 3457
3130 3634
3130 3635
3130 3637
3130 3639
3131 3727
3134 3211
3135 3334
3136 3174
3136 3960
3137 3296
3137 3631
3137 4192
3138 3789
3143 3512
3144 3460
3144 3461
3144 3517
3144 4015
3144 4048
3146 4015
3146 4035
3147 3244
3149 3166
3149 4008
3158 4048
3159 3537
3159 3640
3159 4071
3161 3824
3161 4141
3163 3386
3164 3306
3164 3341
3164 4354
3168 4335
3170 3566
3174 4279
3176 3844
3176 3918
3177 3918
3178 3918
3179 4187
3183 4296
3185 4361
3187 4279
3193 3280
3193 4046
3193 4272
3193 4354
3197 3915
3199 4150
3200 4369
3203 3975
3203 4369
3204 3511
3204 3766
3204 3837
3204 3946
3204 4019
3206 3990
3207 3705
3208 3606
3210 3929
3211 3517
3211 3525
3211 3813
3211 4034
3213 3637
3216 3649
3220 3895
3222 3888
3224 3517
3224 3578
3224 3785
3230 3929
3230 4021
3230 4166
3230 4278
3234 4158
3238 4109
3238 4210
3239 3912
3242 4152
3244 3380
3244 3445
3244 3578
3244 3627
3244 3708
3244 3761
3244 3885
3248 3846
3254 3544
3254 3552
3255 4019
3256 3544
3258 3835
3259 3429
3262 3719
3262 4084
3262 4331
3263 3903
3263 4260
3265 3350
3268 3740
3269 4014
3273 3460
3273 4090
3274 4335
3276 3585
3276 3609
3276 3766
3276 3788
3276 4169
3278 4211
3278 4361
3281 3740
3283 4112
3284 3989
3286 3933
3286 4242
3287 4335
3296 3585
3299 3373
3299 3647
3299 3669
3299 3835
3299 3874
3299 4017
3299 4190
3299 4203
3300 3629
3301 3667
3302 4335
3308 4296
3310 3730
3310 4274
3314 3557
3314 3858
3315 4335
3316 3921
3321 3331
3321 3373
3322 3892
3322 4335
3330 4296
3333 4048
3334 3517
3334 4104
3334 4166
3335 3382
3336 3705
3337 3600
3338 4275
3347 3379
3347 3399
3347 3448
3348 4176
3349 3373
3350 3958
3355 3705
3355 4103
3355 4335
3356 4090
3357 3578
3357 3761
3361 3673
3362 3673
3362 3757
3362 3762
3362 4339
3365 4017
3367 3789
3368 4151
3369 3888
3369 3903
3373 3401
3373 3566
3373 3630
3373 3632
3373 3807
3373 3817
3373 3824
3373 3835
3373 3874
3373 3912
3373 3990
3373 4158
3373 4182
3373 4211
3373 4237
3373 4299
3373 4314
3373 4341
3375 4193
3376 3505
3376 4335
3377 3541
3377 3892
3378 3817
3379 3531
3380 4181
3382 3729
3386 4109
3386 4243
3389 4331
3390 3578
3394 3418
3394 3589
3394 4104
3397 3566
3399 3709
3399 3729
3399 3805
3399 4030
3400 3664
3401 4182
3401 4341
3402 4254
3404 3517
3407 3494
3407 3503
3407 3591
3410 4234
3411 4354
3413 3494
3413 3568
3413 3591
3413 3736
3414 3571
3415 3634
3415 3637
3420 3761
3427 3969
3432 3888
3439 3740
3439 4328
3446 3673
3448 3709
3448 3729
3448 3805
3449 3740
3456 3740
3456 3896
3457 3629
3457 3969
3458 3649
3460 3761
3460 3763
3460 4090
3461 3517
3461 3536
3461 3761
3461 3763
3461 4090
3467 3865
3468 3895
3469 3665
3469 4015
3479 3525
3479 3766
3479 3928
3485 3650
3485 3740
3488 3566
3494 3714
3494 4029
3499 3821
3501 4038
3502 3961
3503 3591
3503 3714
3504 3505
3505 3543
3509 4307
3510 3795
3512 4233
3517 3630
3517 3647
3517 3757
3517 3763
3517 3813
3517 3814
3517 4078
3517 4104
3517 4166
3517 4331
3517 4347
3519 4152
3520 3578
3520 3663
3522 3933
3523 4211
3525 3928
3527 4211
3531 3894
3532 4335
3533 4087
3534 3773
3541 3892
3542 3817
3550 4059
3551 3885
3552 3659
3555 3566
3557 3573
3559 3925
3559 4296
3566 3573
3566 3647
3566 3669
3566 3721
3566 3821
3566 3825
3566 3826
3566 3835
3566 3852
3566 4038
3566 4078
3566 4142
3566 4212
3566 4270
3566 4291
3566 4298
3566 4299
3566 4343
3568 3591
3568 3839
3568 4020
3568 4029
3568 4237
3571 3585
3571 3713
3571 3927
3571 4029
3571 4030
3574 3687
3574 4235
3577 3578
3578 3684
3578 3854
3578 3995
3578 4106
3578 4195
3578 4279
3581 3963
3585 3632
3585 3869
3585 3870
3585 3871
3585 3915
3585 3927
3589 3888
3589 4138
3590 3659
3591 3714
3591 3718
3596 4158
3598 4296
3602 3789
3609 3965
3612 4335
3615 3616
3615 3617
3619 3803
3621 4335
3626 4335
3628 4354
3629 3630
3629 3634
3629 3764
3629 4090
3630 4158
3630 4196
3632 4104
3634 3814
3636 3814
3637 3639
3639 3915
3640 4061
3643 3838
3643 3847
3646 3975
3646 4011
3646 4369
3648 3917
3652 4335
3653 3660
3654 4335
3659 3988
3661 4323
3663 4277
3665 3705
3669 4247
3673 3688
3673 4203
3676 3705
3676 4335
3679 3817
3683 4294
3687 3705
3687 4335
3692 4335
3695 3735
3702 3740
3705 3735
3705 3740
3705 3823
3705 3830
3705 3863
3705 4003
3705 4006
3706 4335
3709 3730
3710 4194
3714 4107
3719 4084
3722 3753
3728 4048
3729 3730
3729 3943
3729 4274
3730 4058
3735 4133
3740 3769
3740 3976
3745 4144
3746 3779
3747 4256
3750 3867
3751 4335
3756 4103
3760 4104
3762 4166
3773 4335
3777 3783
3777 3931
3779 4335
3781 4025
3782 4152
3786 4141
3789 4212
3791 4173
3798 4141
3803 4066
3806 3994
3813 3814
3817 3997
3817 4186
3823 4335
3824 4103
3824 4141
3824 4299
3827 3931
3828 4309
3830 4335
3835 3968
3835 4248
3835 4299
3837 4166
3837 4218
3838 3875
3847 3969
3849 3995
3851 4024
3851 4163
3851 4354
3853 4335
3857 4335
3864 4097
3870 3871
3871 4188
3874 4080
3874 4142
3877 4069
3885 4277
3887 3888
3888 4084
3888 4138
3888 4243
3888 4346
3890 4255
3892 4069
3900 4026
3902 3969
3903 4323
3905 4335
3909 4323
3910 4166
3912 4194
3915 4132
3919 4326
3920 4335
3921 4095
3927 4262
3928 4103
3931 4166
3935 4335
3937 4028
3937 4152
3938 4152
3959 3963
3959 3977
3960 3966
3962 4104
3975 4048
3979 4197
3990 4294
3990 4299
3992 4068
3995 4245
4001 4072
4003 4335
4012 4026
4015 4335
4017 4295
4017 4306
4019 4354
4028 4350
4031 4354
4034 4082
4038 4232
4048 4369
4052 4174
4070 4184
4075 4169
4087 4335
4091 4265
4091 4296
4103 4148
4103 4271
4104 4111
4104 4112
4104 4166
4104 4299
4111 4166
4116 4323
4121 4335
4130 4323
4156 4249
4156 4275
4161 4369
4162 4296
4164 4338
4172 4193
4177 4335
4178 4335
4194 4321
4195 4277
4200 4359
4203 4262
4203 4316
4214 4335
4219 4323
4223 4233
4226 4335
4227 4296
4280 4336
4300 4335
4302 4335
4308 4309
4312 4335
4316 4361
4335 4336
4335 4366
0
