1 476
2 1796
3 9
4 392
5 959
6 1874
7 4
8 335
9 2
10 699
11 184
12 8
13 1163
14 653
15 757
16 1599
17 773
18 6
22 277
23 781
24 784
26 1790
27 3
28 1245
29 1691
30 61
32 1640
33 14
34 239
35 20
36 108
37 875
38 896
39 84
40 873
41 905
42 1453
43 37
44 21
45 730
46 55
47 119
48 284
50 932
51 533
52 219
53 285
54 225
55 136
58 1894
59 146
61 25
62 91
63 1444
66 458
67 153
68 939
69 941
71 766
73 10
74 1856
75 1677
76 324
77 949
78 54
79 152
80 477
81 537
83 187
85 1253
86 90
88 1068
90 1089
91 1111
92 348
93 513
94 128
95 1134
96 115
97 1857
98 1112
99 705
100 1893
101 226
102 467
103 774
104 737
105 1782
106 132
108 223
109 1142
114 104
115 983
116 1145
117 170
119 511
120 1332
121 1154
122 1165
123 247
125 1156
126 1201
127 1848
128 1
129 278
130 86
131 1832
132 1003
133 613
134 1226
135 144
136 298
137 293
138 147
139 101
140 1621
141 1228
142 522
144 301
145 1270
146 1286
147 1291
148 1045
149 1304
151 1319
153 463
154 1236
155 93
157 1324
158 75
159 332
160 211
162 1178
163 1341
164 1700
165 822
167 292
170 215
172 639
174 1758
175 31
176 517
177 1346
178 676
179 243
180 1273
181 1353
182 256
183 1382
186 1141
187 445
188 1152
192 245
193 659
194 583
195 1400
196 179
197 1610
198 22
199 888
201 1080
204 691
205 201
206 1406
207 365
209 439
210 1151
211 1260
212 1436
213 200
215 276
216 1234
217 304
220 148
221 1902
222 636
224 475
226 935
227 283
228 1448
229 302
230 422
231 1485
232 190
233 1036
234 227
236 1518
240 315
241 109
242 578
243 1527
244 60
245 1551
247 218
248 1438
249 355
250 107
252 1552
253 177
254 99
257 669
258 1567
259 1585
260 369
261 771
262 362
264 1586
267 1231
268 210
269 1622
270 250
271 326
272 1040
273 341
274 496
275 331
276 382
279 269
281 1338
282 333
284 1632
287 164
290 423
292 1633
294 1251
295 192
296 1672
297 695
299 45
300 1678
301 700
302 589
303 27
304 1473
305 406
307 1281
309 920
310 267
311 1592
313 1706
314 352
315 685
316 63
317 270
318 1715
319 1751
320 389
321 958
322 131
323 181
324 925
327 96
328 214
329 1576
330 1559
331 1761
332 682
333 1662
334 358
336 1762
337 1766
338 1377
339 1770
340 240
343 633
344 842
345 748
347 1793
348 797
349 366
350 361
351 66
352 1817
353 381
354 1006
355 34
356 1829
357 568
358 787
359 12
360 1833
361 377
362 472
363 1255
364 825
365 174
366 872
367 603
368 408
369 823
370 103
371 1604
372 1366
373 1864
374 1903
375 1844
377 576
378 542
379 434
380 525
381 145
383 384
389 364
391 1493
392 722
395 404
396 79
397 290
398 1594
401 1358
402 195
403 1867
404 410
405 598
407 1483
408 414
409 827
410 1262
412 447
414 1218
415 564
417 416
418 559
419 208
422 595
424 918
426 1834
429 642
430 417
431 694
434 602
435 411
437 953
438 855
439 1674
440 202
441 1099
444 647
446 916
448 995
449 599
452 71
453 234
454 482
455 779
457 1486
458 777
460 1468
461 606
462 877
463 1288
465 921
466 585
467 1813
468 1554
469 405
470 569
472 1513
474 792
476 1312
477 1020
479 305
480 864
482 407
483 1285
484 378
485 252
489 1060
490 111
492 428
495 610
498 654
500 346
503 1295
504 1059
505 130
506 303
507 126
508 505
509 745
510 137
511 429
512 800
515 758
516 848
517 286
518 1544
519 1061
520 48
521 385
524 1547
525 443
527 300
528 329
530 465
535 1166
536 814
537 1417
538 460
539 816
540 1836
542 1309
544 978
545 492
548 498
550 660
551 122
552 1074
553 510
555 1643
556 1360
560 674
561 665
562 51
563 1101
564 546
566 1033
567 1791
569 847
571 280
573 977
574 566
575 858
576 212
577 110
578 387
579 668
586 1630
587 790
588 1561
590 734
592 1405
595 421
598 102
599 819
603 1830
604 1327
606 990
609 956
610 1514
611 616
612 651
614 163
615 626
617 499
619 523
620 793
621 165
622 435
623 356
624 634
625 547
626 672
627 1450
628 322
630 733
632 379
633 342
634 794
635 1212
637 1841
638 1297
647 1266
648 608
649 571
650 1284
651 689
653 493
654 724
655 1701
659 1556
660 964
662 898
663 526
664 785
666 536
673 584
674 489
675 590
676 1853
679 600
680 1860
682 295
683 604
686 1794
689 224
691 997
692 1785
695 618
698 455
700 620
701 644
702 704
703 68
705 1775
706 160
707 350
708 466
711 544
712 180
716 449
717 340
719 796
720 491
723 693
724 345
725 725
726 919
731 1331
734 706
735 1884
737 396
738 914
739 490
742 516
743 236
747 450
748 1803
751 120
752 709
754 843
755 1207
756 890
757 251
758 327
762 1082
763 1397
764 743
765 808
767 453
769 398
770 1614
771 726
773 702
774 788
775 1271
776 567
777 521
778 1200
779 1459
781 29
782 1512
783 188
785 548
786 353
787 1465
788 884
789 380
790 667
792 1223
794 527
795 495
797 1069
800 1720
802 561
804 242
805 1653
806 586
807 1529
808 740
809 1443
810 1431
814 28
815 632
816 553
817 558
818 750
821 687
822 597
824 1191
827 85
828 637
829 555
830 1379
831 118
833 830
834 860
835 19
837 1835
838 432
839 869
842 1795
843 197
844 866
845 373
846 619
847 887
848 485
850 235
851 1024
852 1370
855 641
856 1168
857 59
859 1290
860 1681
863 652
872 175
875 1879
876 1702
878 1335
880 1655
881 1075
882 297
884 317
885 749
887 752
889 50
890 1263
891 53
894 80
895 307
896 1574
897 805
899 579
903 904
904 509
907 1048
908 913
909 167
910 1313
914 711
915 557
916 910
917 1776
918 117
919 454
920 879
922 1606
923 1311
926 698
927 753
928 560
935 1100
936 311
937 1849
938 1131
939 1425
942 213
945 1593
946 1577
947 1525
951 1695
953 631
955 1053
956 171
957 801
959 624
960 1415
961 166
962 1359
964 804
966 518
967 77
968 886
969 1025
970 1027
972 954
973 987
983 98
986 1364
989 92
990 321
991 425
993 299
995 731
996 268
998 374
999 732
1003 1136
1005 56
1006 611
1008 786
1009 1421
1010 657
1011 451
1012 1710
1014 1588
1016 1587
1017 325
1018 1087
1019 588
1025 539
1026 502
1031 1887
1033 1659
1034 13
1036 222
1037 1764
1040 811
1042 88
1043 1052
1047 262
1048 1058
1050 360
1053 1117
1056 330
1057 735
1058 1769
1059 1846
1061 1458
1062 957
1063 135
1064 577
1066 1418
1071 721
1072 1146
1076 591
1077 820
1079 81
1080 1508
1081 1597
1082 1244
1083 1153
1085 1093
1086 862
1087 769
1090 257
1092 1372
1094 984
1097 824
1098 1859
1099 834
1100 1065
1102 929
1103 62
1104 1180
1105 851
1107 989
1108 1094
1114 664
1115 780
1119 853
1123 1067
1124 563
1127 607
1128 821
1131 1771
1143 645
1144 813
1145 673
1148 1167
1151 249
1154 944
1155 1705
1156 936
1162 1209
1164 902
1167 415
1168 720
1169 1800
1170 1132
1171 1537
1172 684
1173 982
1177 857
1183 799
1184 892
1186 1137
1188 217
1192 893
1193 1393
1194 969
1195 1047
1196 1613
1197 1734
1198 1071
1199 1194
1201 911
1202 798
1204 942
1205 1669
1206 142
1207 609
1208 605
1209 991
1210 1543
1211 885
1212 1122
1213 336
1215 1276
1217 1256
1218 1526
1219 1157
1220 44
1221 1550
1222 937
1224 1767
1225 638
1229 1287
1234 95
1235 1009
1237 173
1239 1430
1240 1202
1241 1105
1242 715
1243 1187
1246 288
1247 1193
1248 1198
1250 1013
1251 1447
1252 1777
1253 52
1254 1416
1256 1017
1257 1128
1260 828
1262 844
1265 881
1267 1032
1269 901
1274 1627
1279 1130
1282 314
1284 287
1285 1814
1291 246
1295 1828
1299 831
1300 1042
1301 191
1302 635
1303 1801
1304 337
1305 945
1308 1639
1310 551
1311 906
1312 1452
1315 497
1316 980
1318 952
1320 1491
1321 617
1323 151
1326 229
1328 38
1329 72
1330 1329
1333 1091
1334 1467
1336 1545
1338 1243
1339 1039
1340 993
1346 1072
1347 1211
1348 770
1351 1560
1356 1083
1358 1735
1360 1455
1361 1426
1363 36
1364 854
1366 186
1368 810
1370 1261
1375 306
1376 783
1377 1709
1378 371
1379 643
1380 1246
1382 994
1384 889
1385 713
1387 1096
1388 1252
1392 206
1393 1624
1396 1395
1397 418
1398 1275
1399 39
1403 1799
1404 692
1405 998
1407 648
1409 1306
1411 1077
1414 494
1415 1097
1419 129
1420 1160
1421 1388
1429 1038
1431 1365
1433 681
1437 1413
1439 1005
1440 149
1442 1129
1443 670
1444 1440
1445 1299
1446 663
1448 1642
1449 254
1450 1441
1452 1808
1454 471
1459 35
1460 756
1462 1474
1470 508
1476 159
1477 1023
1478 1041
1479 1499
1485 1018
1488 1380
1489 999
1490 273
1491 255
1492 1718
1493 970
1495 1394
1496 915
1497 1497
1498 1175
1499 1584
1500 1181
1501 1188
1506 728
1513 1534
1516 1565
1518 981
1520 530
1526 1837
1527 316
1530 65
1536 985
1537 1086
1538 1031
1548 791
1549 1546
1550 612
1551 742
1554 1612
1555 1107
1557 1629
1559 852
1560 1034
1562 903
1563 1199
1567 282
1571 596
1572 1460
1574 802
1577 1635
1579 1186
1581 1337
1582 1578
1583 1050
1584 666
1585 746
1588 640
1589 1907
1590 1671
1591 966
1592 912
1593 1206
1594 320
1597 1268
1599 1472
1600 1214
1601 1745
1604 1296
1607 1316
1610 1384
1611 504
1612 1210
1615 907
1616 1731
1618 833
1619 1220
1620 1240
1621 94
1624 1213
1625 1698
1626 716
1627 1294
1629 1708
1630 538
1632 393
1633 1184
1635 529
1637 1409
1641 1127
1645 1717
1646 1106
1647 1600
1653 760
1664 1148
1667 1336
1668 778
1669 1250
1670 230
1671 1649
1673 1843
1674 1765
1675 806
1677 1259
1680 541
1681 1711
1682 1742
1685 972
1686 1564
1687 124
1688 1520
1693 1501
1698 1889
1700 47
1705 751
1706 1396
1710 1159
1711 846
1712 1004
1718 761
1719 76
1722 1812
1724 23
1726 1573
1729 1169
1730 1170
1731 1781
1735 275
1736 1819
1737 456
1738 1428
1742 157
1747 436
1748 30
1749 1823
1750 1264
1752 974
1754 1225
1756 1265
1758 1280
1762 1179
1765 1282
1767 1408
1773 106
1774 1756
1775 1011
1778 675
1779 754
1785 1357
1790 1787
1791 1232
1797 1694
1799 354
1800 1317
1801 1523
1803 464
1804 1869
1806 448
1807 143
1808 1318
1811 965
1812 630
1813 156
1816 658
1817 1320
1822 258
1825 1757
1826 399
1831 289
1834 1239
1835 244
1837 876
1840 1449
1841 656
1844 772
1845 1852
1847 1345
1848 1402
1849 339
1851 1249
1852 1135
1853 1292
1854 318
1855 1478
1857 767
1862 849
1866 1325
1867 1066
1871 1192
1872 1530
1875 359
1880 1343
1883 231
1884 1404
1888 1435
1889 755
1893 260
1894 274
1896 1496
1897 909
1899 1057
1900 677
1901 1489
1902 1026
1903 550
1905 1876
1909 1330
1913 809
1917 1689
1919 182
1921 1870
1930 1305
1931 1339
1936 1224
1938 32
1939 1000
1940 1217
1946 46
1948 1361
1956 1504
1957 401
1959 1580
1964 1617
1967 837
1968 1696
1970 883
1973 1216
1977 535
1978 581
1979 42
1980 592
1983 343
1986 427
1988 1362
1990 1084
1991 895
1992 1733
1994 1230
1996 1522
1997 1369
2000 261
2003 328
2005 1002
2007 1308
2008 1820
2013 1349
2014 1840
2015 1103
2018 1352
2021 1668
2026 1183
2027 1208
2034 1328
2038 438
2039 481
2040 708
2044 370
2048 158
2053 259
2054 1773
2055 1535
2057 955
2059 1461
2060 1272
2062 812
2063 1631
2064 1595
2065 1123
2068 1378
2073 962
2074 897
2078 1014
2080 1429
2082 83
2088 1392
2091 1258
2093 1549
2096 1355
2098 1269
2100 1113
2104 1647
2105 1569
2108 1865
2113 1150
2119 1446
2120 922
2121 1229
2122 923
2125 1398
2126 807
2128 1641
2135 172
2140 1463
2142 1012
2143 1079
2144 971
2145 832
2147 11
2148 1434
2150 134
2153 140
2154 507
2157 1323
2158 486
2159 1439
2160 1738
2164 1147
2166 461
2168 1029
2170 1838
2175 973
2176 1878
2181 40
2186 841
2187 917
2190 1462
2191 900
2194 1466
2197 1471
2200 484
2201 1411
2202 1215
2205 1582
2206 1063
2207 1746
2212 1342
2214 1176
2215 1736
2216 444
2217 1381
2219 1121
2220 1326
2222 1351
2225 1482
2227 1488
2234 1073
2235 1277
2236 441
2237 459
2238 1609
2239 1322
2243 281
2250 543
2251 795
2253 403
2254 1507
2255 1675
2257 183
2259 943
2262 741
2263 1877
2265 1008
2269 1015
2271 1090
2274 368
2276 627
2279 1511
2280 121
2286 1542
2300 1558
2301 1371
2302 138
2303 836
2308 1714
2309 1536
2310 1104
2313 503
2317 744
2318 1726
2327 1575
2331 24
2332 1386
2333 938
2335 1615
2336 323
2337 1442
2338 863
2341 1693
2345 762
2348 1831
2349 1237
2350 826
2352 1882
2353 946
2355 1646
2357 1203
2358 540
2359 1403
2361 1603
2368 1310
2373 950
2376 1158
2380 1664
2381 594
2388 1457
2389 506
2391 803
2392 168
2393 1739
2394 1861
2395 87
2397 271
2400 951
2401 310
2407 1477
2408 861
2415 1616
2416 1144
2417 1517
2418 1503
2424 1516
2426 1109
2429 1476
2430 1375
2434 1532
2435 1205
2436 334
2438 203
2440 272
2448 1484
2453 1219
2456 1492
2459 1350
2465 1155
2466 1391
2469 1524
2472 26
2474 1528
2478 386
2481 1254
2483 1607
2484 233
2485 1171
2486 1140
2487 1149
2488 1283
2489 1786
2491 1164
2493 870
2495 1049
2499 1401
2503 815
2504 1899
2506 1608
2509 575
2510 1680
2511 1278
2512 1618
2513 655
2515 430
2516 1185
2518 1625
2519 1623
2521 1730
2522 114
2523 1763
2524 1470
2526 1638
2527 1506
2529 1502
2530 1583
2533 1500
2535 948
2536 376
2542 199
2547 1189
2555 394
2560 967
2562 17
2563 1233
2565 1095
2567 431
2569 1648
2570 963
2575 1656
2576 1374
2577 908
2581 1657
2582 1412
2584 1451
2585 1568
2586 221
2588 1658
2589 73
2590 701
2591 18
2593 1055
2597 1719
2600 1663
2601 1667
2603 1863
2609 69
2610 1854
2614 420
2616 161
2617 105
2619 931
2620 1744
2625 1676
2629 1885
2630 209
2638 840
2639 309
2645 1679
2647 1892
2654 1727
2656 125
2657 1016
2661 1248
2662 1685
2663 678
2665 375
2670 1900
2671 1645
2672 1654
2675 1197
2676 894
2678 1242
2680 1721
2681 629
2683 16
2688 1221
2689 409
2690 524
2692 1772
2693 1660
2695 1579
2697 1519
2702 1085
2704 1376
2706 1703
2712 1238
2713 155
2716 1115
2717 1143
2719 141
2722 1712
2723 1783
2724 1540
2726 729
2727 1713
2728 926
2729 1557
2735 891
2737 1348
2740 1881
2746 528
2748 850
2749 1427
2751 1515
2753 782
2754 500
2756 1432
2757 736
2759 279
2760 622
2763 296
2764 1716
2765 70
2768 1911
2773 41
2780 1850
2781 1858
2782 1356
2786 15
2788 1728
2789 1759
2795 1729
2802 196
2804 1490
2808 1298
2809 1563
2813 312
2814 351
2816 1495
2820 1760
2822 1740
2825 1114
2827 1788
2828 1182
2833 867
2835 1619
2836 1725
2849 924
2850 1666
2854 1670
2856 1566
2859 775
2864 686
2865 1688
2870 238
2874 1683
2876 113
2879 1010
2880 1120
2882 1620
2885 717
2886 763
2887 1644
2888 433
2889 1092
2891 1119
2893 1686
2895 1124
2900 1469
2901 291
2902 169
2908 1570
2910 426
2911 1590
2916 1019
2918 49
2922 220
2925 1722
2926 1737
2928 488
2929 514
2932 1445
2934 308
2936 1533
2940 520
2941 1420
2946 556
2947 968
2948 1634
2950 412
2952 1383
2954 1809
2955 1741
2958 1904
2959 1748
2960 1821
2974 1755
2976 601
2981 372
2982 545
2986 1354
2988 1778
2992 1652
2997 1509
3000 719
3003 67
3004 1875
3007 1798
3008 1419
3012 1636
3013 1389
3014 357
3017 1028
3018 1046
3020 395
3025 82
3027 718
3030 1822
3034 572
3035 1839
3037 7
3039 1872
3040 1802
3041 1289
3045 1334
3046 419
3047 1804
3049 1387
3051 1806
3054 241
3056 204
3058 1064
3065 1743
3066 116
3069 661
3071 1750
3074 707
3076 1344
3081 1133
3082 1883
3083 570
3084 1494
3085 1768
3087 580
3089 1021
3091 1190
3101 228
3102 446
3103 1752
3105 1548
3106 934
3107 714
3111 43
3112 1424
3113 127
3114 1816
3117 1910
3123 1591
3125 1475
3126 1054
3128 1222
3129 738
3132 1818
3137 1410
3142 1784
3143 1301
3144 1116
3145 1845
3146 727
3149 1110
3157 650
3158 697
3164 480
3170 349
3174 1699
3193 534
3198 1195
3203 1732
3204 845
3208 1862
3211 194
3213 1815
3221 1479
3228 162
3229 1890
3230 424
3236 1895
3238 996
3244 1697
3256 1007
3262 1267
3270 193
3273 1227
3276 1510
3278 487
3280 712
3282 1789
3283 928
3284 1247
3286 1866
3288 1905
3292 1896
3299 1315
3301 1807
3303 1897
3306 501
3310 874
3311 1898
3314 123
3315 1847
3321 1300
3322 462
3329 1906
3330 344
3331 1873
3334 1138
3337 562
3338 1571
3340 1340
3341 97
3346 1030
3347 940
3349 1333
3355 1810
3356 1598
3357 552
3358 176
3361 1505
3362 397
3363 690
3368 1481
3373 865
3375 473
3377 139
3380 440
3384 625
3385 1108
3389 1126
3390 74
3392 961
3397 189
3399 468
3401 338
3407 1423
3411 554
3413 960
3415 1081
3420 768
3446 1022
3448 671
3456 1888
3459 899
3460 1433
3461 817
3462 1373
3468 1062
3474 1035
3479 1797
3482 319
3487 1871
3494 1555
3503 1687
3504 1637
3505 452
3507 1385
3511 1602
3512 829
3515 549
3517 479
3521 878
3525 205
3527 1891
3529 207
3531 1723
3541 759
3544 1909
3550 367
3557 1886
3562 1553
3566 1414
3567 1825
3568 1407
3571 593
3573 150
3574 1172
3576 1562
3578 237
3581 1498
3582 1692
3585 696
3589 1596
3591 1241
3603 573
3610 253
3612 1078
3615 988
3616 442
3618 979
3622 1044
3627 927
3628 587
3629 765
3630 1749
3632 976
3633 64
3634 1363
3637 1279
3643 216
3645 1704
3646 880
3647 621
3648 1368
3661 1826
3669 1581
3673 1651
3675 1098
3676 1792
3684 1811
3688 1827
3690 1754
3695 347
3705 1868
3709 1665
3714 112
3716 871
3719 1070
3730 1125
3740 947
3761 868
3763 703
3772 1302
3774 1487
3799 1851
3807 1589
3808 1437
3813 1196
3814 856
3817 1601
3821 747
3823 390
3824 1531
3825 1855
3830 882
3831 710
3835 198
3837 1454
3838 266
3851 100
3852 679
3862 391
3874 33
3875 58
3877 1102
3885 383
3887 512
3888 1538
3892 515
3894 628
3896 662
3903 859
3904 1650
3909 469
3912 248
3915 1161
3916 930
3917 582
3927 723
3929 1541
3931 986
3933 1824
3936 1390
3937 5
3959 1056
3962 1293
3963 413
3968 1001
3969 992
3975 574
3977 437
3979 1177
3990 1076
3995 1707
4003 519
4004 839
4006 1753
4010 363
4011 1661
4012 838
4018 232
4019 680
4026 623
4028 1628
4029 1901
4031 688
4034 776
4038 646
4048 1088
4066 1805
4069 1572
4070 1139
4072 388
4078 835
4085 478
4090 649
4102 1422
4103 185
4104 614
4106 975
4119 483
4127 789
4128 457
4133 1673
4141 764
4142 1051
4150 1842
4152 1274
4156 264
4157 1043
4158 470
4166 933
4171 615
4181 1521
4182 1724
4184 1367
4194 89
4195 1303
4197 565
4198 683
4203 1118
4206 1690
4208 178
4211 1399
4218 78
4219 400
4221 1908
4232 531
4237 1780
4242 1456
4243 1779
4245 1539
4247 1682
4249 1257
4261 133
4262 154
4265 1173
4266 1314
4270 1605
4274 1347
4275 1321
4277 294
4278 474
4279 1464
4282 1611
4296 1684
4297 818
4298 57
4299 1037
4303 1747
4307 1626
4313 532
4314 1174
4316 1880
4318 1307
4319 1162
4323 265
4335 1235
4341 1774
4343 402
4346 313
4350 739
4354 263
4361 1480
4369 1204
matched_edges = 2502
