2 1796
7 709
12 1281
13 313
16 188
18 1883
26 1894
28 1245
29 1691
30 1906
32 955
36 340
40 1200
41 999
42 1453
43 1527
44 21
46 1778
52 219
54 1711
55 1131
58 1601
61 1869
62 1755
63 1444
67 1748
73 1401
74 1404
75 1677
76 324
80 1770
86 1839
92 1857
93 814
97 1805
98 1651
105 1186
106 1027
108 1741
114 1506
117 1750
120 1833
123 1853
127 1637
128 369
130 1608
131 1832
132 1483
135 412
137 599
138 1595
139 1497
140 1621
142 702
144 1743
151 1118
153 267
154 841
158 470
159 1635
164 1614
170 987
172 1812
174 433
175 1504
178 286
179 1729
182 1728
186 503
187 1370
188 1494
192 1716
194 583
196 36
197 440
198 64
201 580
204 666
205 627
208 1884
209 771
213 1756
215 1713
220 780
221 1718
227 283
229 1712
232 542
240 1710
247 667
248 1872
249 830
250 1654
253 1694
260 1480
262 408
271 1297
274 1440
275 1679
279 1685
282 577
295 1893
305 406
309 1115
310 836
312 176
314 352
316 733
317 633
322 445
324 1162
325 829
327 1864
328 1774
329 1576
330 172
334 1676
338 1377
340 564
343 1874
348 1305
349 1667
351 1057
353 1689
357 565
359 12
361 1663
362 103
364 1545
365 252
370 886
372 1366
377 138
378 1499
379 1489
380 661
383 1658
384 949
386 1242
391 1430
392 87
395 1657
396 1692
397 290
402 592
404 116
405 1800
407 1446
408 1656
414 873
415 240
417 1625
419 1807
429 642
430 1616
434 602
435 1188
444 747
446 916
448 995
452 1603
453 1321
454 1881
458 1803
460 1468
461 606
462 1477
463 370
465 1634
466 585
467 1356
468 1554
470 341
472 1158
479 398
484 1427
485 38
492 1558
504 729
505 948
506 877
507 650
508 675
509 1123
511 1541
516 848
518 1825
520 1386
525 217
527 924
529 1909
530 1507
535 1166
536 523
538 1433
539 1033
540 776
544 1579
545 828
548 1505
551 1829
553 1501
555 111
562 51
563 1574
564 670
566 405
567 1726
569 847
571 1817
573 1420
574 1105
575 1816
576 441
578 387
586 1212
588 990
590 1288
604 255
609 956
611 616
612 1173
614 986
615 1809
617 1908
619 254
621 718
623 1196
624 1449
628 10
633 1789
640 732
645 1327
647 1458
651 482
653 493
655 1701
660 890
662 402
663 1488
666 1486
671 1222
673 1482
675 1474
676 1611
679 372
683 1471
686 879
689 809
691 231
692 1785
695 389
698 1784
700 1008
701 1466
702 1450
705 560
706 1762
707 1244
708 1722
711 1198
712 180
716 449
717 60
719 142
723 1408
724 1069
725 1394
734 1443
735 745
737 762
738 460
739 881
743 1761
747 107
751 1093
752 1439
754 423
755 839
756 574
758 327
762 1082
764 1388
765 268
767 530
770 1562
771 1434
774 529
778 322
781 730
786 1790
787 1891
789 1589
790 1642
792 655
794 1224
795 495
800 1720
802 1373
804 908
805 1653
807 1773
808 1422
810 1431
814 1763
815 981
816 1666
817 1207
818 1419
819 26
821 276
822 1670
827 451
828 1733
830 62
831 690
833 1693
835 671
838 432
839 1275
845 269
846 1660
847 1777
848 1333
850 1709
851 1780
856 241
859 894
860 1684
863 1638
872 175
875 522
876 1702
878 1568
882 297
887 1413
895 307
896 658
899 1880
909 1751
910 1313
914 711
915 1737
916 1130
917 561
918 395
919 1438
920 1623
922 1285
923 1311
927 1398
928 1704
932 1837
935 473
939 1425
942 1296
951 1335
957 801
959 1673
961 1067
964 804
966 221
967 562
968 391
969 738
970 1128
972 1180
975 1146
983 575
985 1291
986 1364
989 870
993 1719
995 641
996 1561
998 1392
999 1179
1003 1136
1005 1391
1008 1379
1012 1101
1016 1587
1030 569
1031 1887
1033 1659
1034 1860
1036 350
1037 1236
1040 1378
1042 1303
1043 1122
1044 1802
1047 524
1048 1071
1050 1590
1053 1117
1059 1846
1064 1820
1066 467
1071 1747
1076 591
1077 1369
1085 676
1086 862
1090 974
1097 70
1098 1859
1099 1365
1102 1241
1104 568
1105 1362
1107 1010
1115 1528
1117 1177
1119 1361
1123 1102
1127 858
1143 1731
1144 813
1151 249
1156 1840
1164 5
1167 1018
1168 720
1169 1758
1170 1555
1171 1183
1172 1229
1177 1360
1183 1503
1184 1330
1188 1155
1192 1325
1194 969
1195 158
1196 108
1198 1058
1201 1320
1202 1258
1205 24
1206 502
1207 1632
1208 1620
1212 910
1217 1256
1219 1157
1220 44
1221 1795
1222 1318
1224 1767
1225 895
1229 1287
1232 538
1234 95
1235 1317
1237 173
1241 1910
1242 1442
1243 89
1246 1148
1247 978
1248 356
1250 1312
1251 605
1252 557
1253 722
1254 519
1256 719
1257 146
1260 872
1265 1351
1267 1537
1268 1086
1269 1544
1271 1823
1279 1052
1284 1193
1285 1454
1291 1715
1295 1828
1302 637
1304 337
1305 945
1308 1209
1310 1772
1311 1323
1316 8
1317 1655
1318 1268
1321 1626
1323 821
1328 1310
1329 989
1330 1329
1333 205
1338 824
1339 1282
1340 1516
1346 1280
1348 1342
1356 1278
1358 1735
1361 1426
1363 1220
1364 854
1366 388
1368 1523
1370 383
1375 1706
1377 401
1378 371
1379 1385
1382 1269
1384 1432
1385 68
1387 1265
1392 1776
1393 1624
1398 1135
1399 1324
1401 1662
1404 1798
1405 169
1407 1059
1413 365
1414 1074
1415 1264
1420 13
1421 166
1429 1349
1442 1129
1443 546
1445 651
1446 79
1462 360
1470 1387
1476 1465
1478 1500
1479 581
1482 289
1485 1847
1488 1855
1489 1889
1491 817
1492 288
1493 1707
1494 662
1495 887
1498 1259
1499 1584
1500 1248
1503 211
1506 119
1516 1565
1518 1254
1526 594
1527 770
1536 45
1538 946
1548 791
1550 1389
1551 1418
1558 397
1559 1002
1562 1064
1563 1243
1567 1799
1568 318
1572 1460
1574 802
1579 312
1582 1072
1583 1170
1585 1190
1588 1797
1589 1470
1592 1907
1593 1240
1594 1338
1597 1683
1601 1095
1604 499
1607 1540
1610 867
1611 48
1612 1210
1615 907
1616 1604
1618 1686
1619 1206
1620 1203
1621 1451
1624 1745
1626 1481
1627 1294
1629 143
1630 964
1632 596
1635 1717
1637 1409
1638 1631
1641 901
1646 1592
1647 1865
1651 472
1653 1127
1664 1050
1668 1181
1669 501
1670 1014
1675 1164
1677 1175
1680 541
1683 1316
1685 385
1687 1738
1693 797
1696 556
1697 294
1698 182
1700 1031
1705 202
1706 1396
1710 1150
1711 1300
1712 516
1716 639
1718 1498
1719 76
1722 1698
1723 1121
1724 23
1729 998
1730 906
1732 213
1734 1435
1736 1472
1737 1384
1742 1665
1746 1124
1747 1237
1748 30
1749 272
1750 1160
1754 1618
1756 1108
1758 1339
1759 1765
1765 1104
1767 869
1770 135
1773 514
1774 1782
1778 210
1779 628
1782 1649
1783 239
1784 1901
1785 1332
1794 647
1799 1899
1800 1098
1803 1399
1806 357
1808 1096
1811 304
1812 1647
1813 1357
1816 520
1817 1083
1822 1598
1825 1156
1834 1878
1835 1818
1837 1322
1840 1821
1841 656
1844 1133
1846 235
1847 27
1849 156
1850 900
1851 701
1852 1753
1853 228
1855 110
1857 806
1862 1851
1866 1039
1867 124
1871 799
1880 1343
1889 755
1901 743
1902 707
1905 1876
1909 1199
1913 772
1914 399
1917 1461
1919 1664
1923 359
1930 1001
1931 1026
1934 1867
1942 551
1946 46
1948 1017
1954 1040
1957 1792
1967 273
1968 1696
1970 883
1973 1153
1978 997
1979 42
1980 1902
1983 1511
1985 19
1986 427
1988 1013
1994 993
1996 458
1997 1009
2003 972
2004 1447
2006 1231
2008 1223
2013 909
2014 491
2015 1892
2021 69
2026 453
2027 864
2028 488
2038 1267
2039 1605
2040 708
2044 303
2048 1077
2052 1573
2053 377
2054 1529
2055 1308
2056 608
2057 1648
2059 1106
2060 456
2064 203
2065 381
2067 898
2068 1007
2074 754
2076 1411
2082 1036
2088 984
2091 760
2093 1549
2096 1571
2098 731
2100 1348
2104 819
2121 93
2125 938
2126 1904
2128 444
2132 1025
2142 1740
2143 1469
2144 1159
2148 937
2150 134
2153 1299
2157 863
2158 1168
2159 928
2164 7
2175 1049
2176 1239
2178 589
2186 930
2187 917
2188 292
2190 920
2194 919
2197 911
2199 1594
2200 413
2202 1814
2205 1779
2206 846
2207 980
2212 484
2214 1376
2219 535
2220 1000
2222 698
2225 893
2227 892
2235 744
2236 212
2237 1609
2238 807
2239 622
2242 1546
2243 1556
2250 543
2251 795
2254 857
2257 1412
2259 979
2265 1328
2269 259
2270 494
2271 1862
2272 1509
2273 674
2274 1080
2279 853
2280 1457
2282 1032
2286 1542
2299 159
2300 851
2302 652
2309 1536
2310 619
2313 105
2327 834
2330 1260
2331 918
2332 994
2333 1517
2335 1764
2336 648
2337 716
2338 597
2339 810
2341 725
2345 758
2348 1831
2349 1024
2352 1911
2353 490
2355 1646
2357 826
2359 1403
2360 1397
2361 820
2365 97
2368 558
2371 1682
2373 950
2388 483
2389 1547
2390 504
2391 1652
2392 1861
2394 1363
2397 271
2400 1336
2401 310
2407 1028
2408 1533
2415 811
2417 373
2418 553
2421 578
2424 1577
2426 782
2428 270
2429 1476
2430 1519
2434 1538
2435 1233
2436 1678
2438 461
2440 1372
2455 1114
2456 1492
2465 1047
2466 1462
2470 229
2472 1249
2473 663
2474 521
2478 1723
2479 1182
2481 455
2483 450
2484 788
2485 1171
2488 1514
2489 1463
2491 570
2493 1581
2495 973
2499 1539
2503 193
2504 1478
2506 1896
2510 1680
2511 571
2512 1410
2514 876
2516 1185
2518 786
2519 849
2521 1730
2522 837
2523 1617
2524 1793
2526 1169
2529 1187
2530 816
2533 1781
2535 1284
2536 376
2541 679
2542 1583
2547 576
2549 349
2553 913
2555 1672
2560 1640
2562 1700
2563 1205
2565 818
2567 694
2570 244
2575 753
2576 1479
2577 1140
2578 1510
2581 752
2582 1668
2588 750
2589 636
2590 976
2591 746
2593 439
2600 740
2601 256
2603 611
2609 161
2614 923
2616 1848
2619 282
2620 693
2625 735
2638 1192
2645 727
2647 1375
2651 1416
2654 1727
2655 1531
2656 125
2657 1016
2661 687
2662 1257
2663 15
2665 715
2672 1309
2675 1197
2680 1721
2681 1174
2683 726
2688 1221
2689 1856
2690 960
2691 409
2692 375
2693 342
2697 1355
2704 1176
2706 714
2707 126
2708 201
2710 34
2712 1724
2713 1613
2717 1381
2719 1852
2722 706
2724 339
2727 1629
2729 1557
2731 991
2735 891
2737 1838
2739 766
2740 777
2744 1644
2745 1042
2746 192
2748 430
2749 936
2751 1515
2753 905
2754 1688
2757 1290
2759 1585
2763 1681
2764 704
2765 207
2773 1097
2780 1548
2786 194
2788 703
2789 1759
2793 1075
2794 563
2795 678
2799 128
2802 794
2803 1061
2806 140
2808 150
2809 144
2813 1615
2815 407
2816 1495
2820 1760
2827 689
2828 925
2833 902
2836 1732
2839 1844
2843 199
2849 80
2850 77
2854 1302
2856 127
2864 224
2865 931
2870 712
2874 183
2876 1645
2878 1234
2879 98
2880 1120
2881 1786
2885 308
2886 763
2887 1888
2889 1225
2891 1119
2893 329
2901 1633
2902 1424
2903 962
2908 971
2910 1262
2911 481
2913 1208
2915 1315
2916 1019
2918 1341
2921 435
2924 137
2925 1079
2926 300
2928 882
2929 171
2934 287
2935 1273
2936 1250
2940 486
2941 1591
2945 1593
2950 1345
2952 206
2953 1214
2954 672
2955 660
2958 572
2959 644
2960 1788
2966 1089
2974 632
2976 601
2981 630
2982 545
2986 1354
2988 1522
2989 1714
2992 505
2997 230
3003 620
3004 697
3006 471
3007 604
3008 358
3009 379
3011 705
3012 1636
3013 1292
3014 1570
3017 1749
3018 1046
3020 1230
3025 1238
3027 507
3029 695
3034 314
3035 131
3036 1053
3037 1766
3039 696
3040 600
3041 1641
3045 1334
3046 419
3047 590
3051 584
3054 921
3056 415
3057 1331
3058 1588
3067 1094
3069 1826
3073 9
3076 922
3077 739
3081 638
3082 634
3085 1768
3087 1882
3091 485
3099 1870
3101 1138
3102 1455
3103 1752
3106 1395
3107 1512
3109 1871
3112 250
3117 1163
3121 141
3125 1475
3126 1054
3128 531
3129 198
3130 1550
3132 567
3135 117
3138 1081
3142 1885
3143 1530
3144 1116
3145 67
3146 112
3147 136
3151 1092
3157 724
3163 748
3164 673
3170 209
3174 1699
3181 497
3193 1622
3199 1266
3200 1900
3203 1725
3204 845
3205 1261
3207 1580
3208 264
3214 1787
3215 626
3224 155
3228 536
3229 526
3230 114
3233 1742
3236 510
3237 1671
3238 903
3241 823
3244 1697
3247 109
3256 71
3257 1744
3258 904
3262 121
3263 1695
3268 361
3270 1535
3273 1227
3278 487
3280 1490
3282 234
3283 1578
3284 1076
3286 1866
3292 498
3297 1612
3298 1534
3299 832
3301 798
3303 465
3310 874
3311 459
3314 123
3315 242
3321 1873
3322 157
3327 163
3329 996
3330 1112
3331 344
3334 479
3336 50
3338 985
3340 1340
3342 18
3343 951
3344 1306
3346 1152
3349 420
3351 448
3352 1563
3354 336
3355 1810
3356 683
3357 1630
3360 1246
3363 1754
3368 1371
3369 808
3373 865
3375 29
3377 1502
3380 552
3382 299
3384 778
3386 1606
3389 1126
3390 970
3391 1211
3392 1113
3397 717
3399 457
3401 1794
3403 443
3411 1650
3419 539
3420 609
3421 317
3428 822
3435 429
3436 208
3439 713
3441 1703
3442 861
3443 195
3445 1213
3446 1022
3448 940
3449 14
3450 635
3454 566
3455 428
3460 765
3461 1639
3462 232
3468 393
3471 1607
3476 1202
3478 1194
3479 692
3480 1038
3482 319
3485 25
3487 1004
3488 1051
3490 1627
3493 1421
3494 912
3497 88
3498 1524
3499 1149
3503 1739
3507 843
3508 1218
3511 220
3514 417
3517 1132
3520 1279
3521 1863
3522 1073
3525 248
3526 447
3529 1564
3533 764
3539 434
3548 416
3550 367
3552 1301
3554 414
3555 390
3557 1886
3560 411
3561 842
3562 1553
3565 466
3566 1414
3568 1407
3569 410
3571 593
3573 621
3574 1172
3576 544
3577 1532
3578 237
3579 404
3580 982
3581 1456
3584 926
3586 174
3592 362
3595 386
3597 1065
3600 204
3603 1746
3606 1843
3607 431
3610 253
3612 624
3614 384
3615 988
3616 1834
3617 442
3618 345
3620 374
3624 1034
3626 396
3627 1491
3628 1567
3629 1055
3633 741
3634 899
3642 610
3643 549
3644 871
3645 1063
3646 880
3647 1037
3655 860
3656 305
3658 366
3661 625
3662 952
3663 966
3665 1415
3667 582
3668 151
3669 1566
3672 148
3673 961
3675 92
3676 1085
3681 1783
3684 1811
3688 403
3690 1496
3691 281
3695 769
3699 888
3700 1184
3705 1868
3708 74
3709 72
3713 664
3714 1819
3715 796
3716 800
3719 167
3720 691
3721 170
3724 333
3726 1232
3729 1610
3730 1125
3732 354
3734 331
3740 947
3743 326
3756 654
3761 868
3763 1337
3764 1813
3766 1276
3767 1326
3770 101
3772 1708
3773 1599
3774 1487
3779 94
3784 793
3785 181
3786 1048
3789 257
3791 968
3792 315
3797 1137
3799 1252
3803 40
3807 380
3808 1437
3809 215
3815 86
3816 659
3819 302
3821 438
3823 736
3824 1023
3825 133
3826 835
3830 677
3831 710
3832 296
3833 749
3834 792
3835 251
3837 1452
3838 266
3839 1493
3847 1084
3851 1879
3852 222
3855 147
3858 963
3860 277
3862 1003
3866 1216
3868 734
3872 245
3875 216
3877 840
3885 321
3887 1060
3888 1368
3892 279
3894 1841
3895 1088
3896 914
3901 1107
3903 859
3907 84
3909 469
3911 243
3912 617
3913 233
3916 106
3917 346
3921 1030
3927 579
3929 1669
3931 1143
3933 954
3936 1390
3937 368
3943 168
3946 1850
3947 992
3951 942
3959 1056
3961 22
3962 291
3963 1374
3966 489
3969 33
3971 132
3973 225
3974 665
3975 1402
3976 983
3977 437
3978 511
3984 227
3985 463
3989 812
3991 595
3995 927
4003 1293
4004 943
4006 512
4010 363
4011 1661
4018 1090
4019 1552
4022 1006
4025 1189
4028 1628
4029 1423
4031 1167
4034 328
4036 468
4038 646
4047 223
4048 825
4050 831
4053 559
4054 90
4055 179
4058 612
4059 258
4062 177
4066 1100
4070 1139
4072 186
4078 104
4084 28
4085 631
4087 1520
4090 649
4091 533
4096 162
4103 185
4104 614
4105 31
4106 975
4112 73
4113 382
4117 332
4120 682
4127 789
4128 1263
4131 6
4133 1596
4134 165
4137 378
4141 421
4142 653
4145 1484
4146 293
4147 184
4149 278
4151 1513
4153 1011
4155 1464
4156 721
4157 1103
4158 338
4160 1178
4161 145
4166 933
4178 355
4180 153
4181 1521
4182 1344
4183 91
4184 1367
4185 1359
4191 56
4194 897
4195 474
4202 1253
4203 1091
4206 1690
4208 178
4211 1283
4212 1380
4213 55
4216 149
4218 1215
4219 400
4220 929
4221 1417
4224 47
4229 953
4232 1
4237 353
4242 588
4243 1854
4244 392
4245 527
4249 833
4251 462
4262 154
4263 684
4264 957
4265 934
4270 540
4274 1347
4275 82
4277 1255
4279 815
4284 152
4286 102
4287 35
4289 52
4290 787
4291 1070
4293 41
4296 1272
4298 57
4299 115
4300 1815
4302 1062
4303 598
4311 803
4312 1842
4313 532
4314 643
4316 1277
4318 1687
4319 1307
4320 43
4323 265
4324 1575
4328 1445
4329 99
4330 1020
4331 247
4333 20
4335 1235
4337 1041
4340 343
4341 214
4343 1559
4345 16
4346 191
4350 196
4351 2
4354 263
4358 59
4360 226
4361 965
4362 3
4363 4
4365 785
4368 618
4369 1204
4370 783
AE: 2355
BE: 4558
ME: 1760
